3000.0 0
3002.0 0
3004.0 0
3006.0 0
3008.0 0
3010.0 0
3012.0 0
3014.0 0
3016.0 0
3018.0 0.00082767265086741
3020.0 0.00082880140165227
3022.0 0.00076367937786357
3024.0 0.00069756547581991
3026.0 0.00063045969552127
3028.0 0.00056236203696766
3030.0 0.00049327250015907
3032.0 0.00045174834287187
3034.0 0.00040961802521061
3036.0 0.00036688154717528
3038.0 0.00032353890876588
3040.0 0.00027959010998242
3042.0 0.00026807625159025
3044.0 0.00025638793584436
3046.0 0.00024449688361868
3048.0 0.00023242782408404
3050.0 0.00022018821811377
3052.0 0.00018602988530115
3054.0 0.00015143186378647
3056.0 0.00011639415356972
3058.0 8.09167546509E-5
3060.0 4.4999667030018E-5
3062.0 5.3145757698808E-5
3064.0 6.1386372377467E-5
3066.0 6.9721511065995E-5
3068.0 7.816758360247E-5
3070.0 8.6751818138548E-5
3072.0 7.4113044783685E-5
3074.0 6.1302959561788E-5
3076.0 4.8321562472857E-5
3078.0 3.5168853516894E-5
3080.0 2.1844832693898E-5
3082.0 1.7796891173919E-5
3084.0 1.3696349529948E-5
3086.0 9.5432077619867E-6
3088.0 5.3326710132046E-6
3090.0 1.0770957588231E-6
3092.0 7.8286331833479E-6
3094.0 1.4649323415555E-5
3096.0 2.1539166455445E-5
3098.0 2.8498162303018E-5
3100.0 3.5526310958272E-5
3102.0 3.651302129717E-5
3104.0 3.7507810235097E-5
3106.0 3.8510677772051E-5
3108.0 3.9521623908034E-5
3110.0 4.0540648643045E-5
3112.0 3.4452096022098E-5
3114.0 2.8299699876597E-5
3116.0 2.2078995881457E-5
3118.0 1.5802791314504E-5
3120.0 9.4710861757402E-6
3122.0 1.2627135197149E-5
3124.0 1.5810078473005E-5
3126.0 1.9019916003309E-5
3128.0 2.225664778806E-5
3130.0 2.5520273827259E-5
3132.0 2.0587407115998E-5
3134.0 1.5611935455288E-5
3136.0 1.0593858845128E-5
3138.0 5.533177285519E-6
3140.0 4.298907764603E-7
3142.0 1.169642336501E-5
3144.0 2.3056189049266E-5
3146.0 3.450070959086E-5
3148.0 4.6022480504953E-5
3150.0 5.7626752071305E-5
3152.0 4.9721800482606E-5
3154.0 4.1758541247078E-5
3156.0 3.373697436472E-5
3158.0 2.5657099835532E-5
3160.0 1.7518917659514E-5
3162.0 1.7179473399588E-5
3164.0 1.6837194386527E-5
3166.0 1.6492080620329E-5
3168.0 1.6144132100997E-5
3170.0 1.5793348828528E-5
3172.0 1.9195374061381E-5
3174.0 2.2621545733509E-5
3176.0 2.6071462621266E-5
3178.0 2.954493991982E-5
3180.0 3.3041977629173E-5
3182.0 3.0658238247058E-5
3184.0 2.8257216063601E-5
3186.0 2.5838911078802E-5
3188.0 2.3403323292661E-5
3190.0 2.0950452705179E-5
3192.0 2.1358150354277E-5
3194.0 2.1768134293239E-5
3196.0 2.2180404522064E-5
3198.0 2.2594961040753E-5
3200.0 2.3011370233976E-5
3202.0 2.293228137745E-5
3204.0 2.2852233473795E-5
3206.0 2.2771226523012E-5
3208.0 2.26892605251E-5
3210.0 2.260633548006E-5
3212.0 1.8461229426778E-5
3214.0 1.4289928382866E-5
3216.0 1.0092432348324E-5
3218.0 5.8687413231524E-6
3220.0 1.6188553073506E-6
3222.0 7.3792638696549E-6
3224.0 1.3174888967609E-5
3226.0 1.9005730601213E-5
3228.0 2.4871788770467E-5
3230.0 3.077306347537E-5
3232.0 2.598689787989E-5
3234.0 2.1168464335814E-5
3236.0 1.6324169493579E-5
3238.0 1.1454013353183E-5
3240.0 6.5579959146286E-6
3242.0 1.2484359676986E-5
3244.0 1.8441663996617E-5
3246.0 2.442990887352E-5
3248.0 3.0449094307695E-5
3250.0 3.6499220299144E-5
3252.0 3.0237021249625E-5
3254.0 2.3941967978309E-5
3256.0 1.7614060485196E-5
3258.0 1.1253298770285E-5
3260.0 4.8596828335765E-6
3262.0 8.1269644106973E-6
3264.0 1.1413346806304E-5
3266.0 1.4718803195557E-5
3268.0 1.8042755920523E-5
3270.0 2.1385204981203E-5
3272.0 2.5860182141608E-5
3274.0 3.0359898101235E-5
3276.0 3.4884352860082E-5
3278.0 3.943354641815E-5
3280.0 4.4007478775439E-5
3282.0 3.6837586377792E-5
3284.0 2.9627398818451E-5
3286.0 2.2376916097415E-5
3288.0 1.5086138214685E-5
3290.0 7.7550651702611E-6
3292.0 9.0713270837E-6
3294.0 1.0394786132345E-5
3296.0 1.1727010054191E-5
3298.0 1.3066698788849E-5
3300.0 1.4413852336319E-5
3302.0 1.5400796690136E-5
3304.0 1.63931163832E-5
3306.0 1.7390811415513E-5
3308.0 1.8393881787074E-5
3310.0 1.9402327497883E-5
3312.0 1.8561433624249E-5
3314.0 1.7715522486473E-5
3316.0 1.6864594084555E-5
3318.0 1.6008648418497E-5
3320.0 1.5147685488296E-5
3322.0 1.2263876216743E-5
3324.0 9.3639691370202E-6
3326.0 6.4477808953911E-6
3328.0 3.5153114918557E-6
3330.0 5.6656092641404E-7
3332.0 8.6879831783748E-7
3334.0 1.1726858843473E-6
3336.0 1.4782236259435E-6
3338.0 1.7854115426261E-6
3340.0 2.0942496343951E-6
3342.0 3.533844227644E-6
3344.0 4.981201855361E-6
3346.0 6.436322517546E-6
3348.0 7.8992062141992E-6
3350.0 9.3707497527016E-6
3352.0 8.3033759344096E-6
3354.0 7.2298444251723E-6
3356.0 6.1501552249899E-6
3358.0 5.0643083338623E-6
3360.0 3.9723037517896E-6
3362.0 7.1869647627804E-6
3364.0 1.0419410186908E-5
3366.0 1.3669640024171E-5
3368.0 1.6937654274572E-5
3370.0 2.0223452938109E-5
3372.0 1.9740757021325E-5
3374.0 1.9255114177646E-5
3376.0 1.8766524407075E-5
3378.0 1.8274987709609E-5
3380.0 1.7780504085249E-5
3382.0 1.509462948451E-5
3384.0 1.239261422517E-5
3386.0 9.6744127927467E-6
3388.0 6.9400251872413E-6
3390.0 4.1894514086535E-6
3392.0 7.532785717897E-6
3394.0 1.0895521898957E-5
3396.0 1.4277659951835E-5
3398.0 1.7679199876529E-5
3400.0 2.110014167304E-5
3402.0 1.7061707637974E-5
3404.0 1.2999740757375E-5
3406.0 8.9142410312419E-6
3408.0 4.8052234561772E-6
3410.0 6.726526117375E-7
3412.0 4.1546528668071E-6
3414.0 7.6564258024604E-6
3416.0 1.1177971418697E-5
3418.0 1.4719289715518E-5
3420.0 1.8280380692922E-5
3422.0 1.6791512672677E-5
3424.0 1.5294016216274E-5
3426.0 1.3787891323711E-5
3428.0 1.2273137994989E-5
3430.0 1.0749756230107E-5
3432.0 1.0781209823213E-5
3434.0 1.0811780321119E-5
3436.0 1.084236462533E-5
3438.0 1.0872962735846E-5
3440.0 1.0903574652667E-5
3442.0 1.1502620250328E-5
3444.0 1.2104583580404E-5
3446.0 1.2709464642895E-5
3448.0 1.3317263437799E-5
3450.0 1.3927979965117E-5
3452.0 1.173072813245E-5
3454.0 9.5222149571684E-6
3456.0 7.3024404392727E-6
3458.0 5.0733251318725E-6
3460.0 2.8315288933649E-6
3462.0 5.8362276303501E-6
3464.0 8.8586871213623E-6
3466.0 1.1898907366402E-5
3468.0 1.4956888365468E-5
3470.0 1.8032630118561E-5
3472.0 1.6206965590551E-5
3474.0 1.4370328765904E-5
3476.0 1.252271964462E-5
3478.0 1.0664138226698E-5
3480.0 8.7945845121389E-6
3482.0 9.7524514383734E-6
3484.0 1.071601531589E-5
3486.0 1.1689114708677E-5
3488.0 1.2668299493253E-5
3490.0 1.3653569669618E-5
3492.0 1.34837047881E-5
3494.0 1.3312466186884E-5
3496.0 1.3139853865968E-5
3498.0 1.2965867825353E-5
3500.0 1.279050806504E-5
3502.0 1.158989898292E-5
3504.0 1.0376237545171E-5
3506.0 9.1566042768208E-6
3508.0 7.9309991778677E-6
3510.0 6.6994222483121E-6
3512.0 6.9561784023994E-6
3514.0 7.2140815271263E-6
3516.0 7.4731316224926E-6
3518.0 7.7333286884985E-6
3520.0 7.994672725144E-6
3522.0 1.1199822789962E-5
3524.0 1.4419973524508E-5
3526.0 1.7655124928782E-5
3528.0 2.0905277002784E-5
3530.0 2.4168564998657E-5
3532.0 2.129787338663E-5
3534.0 1.8414385655856E-5
3536.0 1.5518101806334E-5
3538.0 1.2609021838065E-5
3540.0 9.6871457510475E-6
3542.0 1.2388971892656E-5
3544.0 1.5102404127339E-5
3546.0 1.7827442455098E-5
3548.0 2.0564086875932E-5
3550.0 2.3312337389841E-5
3552.0 1.8786673514197E-5
3554.0 1.424141209967E-5
3556.0 9.6765531462594E-6
3558.0 5.0920966539656E-6
3560.0 4.880426227887E-7
3562.0 1.347605538025E-6
3564.0 2.2116156641821E-6
3566.0 3.0799701964808E-6
3568.0 3.9526691349211E-6
3570.0 4.8297124795029E-6
3572.0 8.3274893675955E-6
3574.0 1.1842686472471E-5
3576.0 1.5375303794131E-5
3578.0 1.8925341332573E-5
3580.0 2.2492799087799E-5
3582.0 2.1514056608965E-5
3584.0 2.0532201035169E-5
3586.0 1.9557700288418E-5
3588.0 1.8576545413477E-5
3590.0 1.7588736410346E-5
3592.0 1.5803496082309E-5
3594.0 1.4006591948759E-5
3596.0 1.2198024009696E-5
3598.0 1.0377792265121E-5
3600.0 8.5458967150324E-6
3602.0 1.0116924569938E-5
3604.0 1.1698723074417E-5
3606.0 1.3293016625468E-5
3608.0 1.4897842171386E-5
3610.0 1.6513199712171E-5
3612.0 1.5507546704916E-5
3614.0 1.4494776254443E-5
3616.0 1.3474888360754E-5
3618.0 1.2447883023847E-5
3620.0 1.1413760243723E-5
3622.0 1.0688860599911E-5
3624.0 9.9614339482018E-6
3626.0 9.2287657511782E-6
3628.0 8.4906530736487E-6
3630.0 7.7470959156133E-6
3632.0 7.7298675618585E-6
3634.0 7.7123271564308E-6
3636.0 7.69447469933E-6
3638.0 7.6763101905561E-6
3640.0 7.6616864022663E-6
3642.0 7.9679813223872E-6
3644.0 8.276554722911E-6
3646.0 8.5874066038376E-6
3648.0 8.9005369651672E-6
3650.0 9.2159458068997E-6
3652.0 1.0574995468668E-5
3654.0 1.1942073106901E-5
3656.0 1.3318209508133E-5
3658.0 1.4703404672365E-5
3660.0 1.6097658599597E-5
3662.0 1.3885671633704E-5
3664.0 1.1658467608131E-5
3666.0 9.4160465228765E-6
3668.0 7.1584083779412E-6
3670.0 4.886702051845E-6
3672.0 7.6499504687177E-6
3674.0 1.0434332679875E-5
3676.0 1.3239848685317E-5
3678.0 1.6066498485044E-5
3680.0 1.8914282079056E-5
3682.0 1.518880406021E-5
3684.0 1.1434636842882E-5
3686.0 7.6517804270709E-6
3688.0 3.8395153069496E-6
3690.0 0
3692.0 2.3373653564535E-5
3694.0 4.6909935433677E-5
3696.0 7.0608845607424E-5
3698.0 9.4470384085776E-5
3700.0 0.00011849455086874
3702.0 0.00012175230164116
3704.0 0.00012502955107621
3706.0 0.00012832629917388
3708.0 0.00013164254593418
3710.0 0.00013494185802554
3712.0 0.00014229931841619
3714.0 0.00014969532794366
3716.0 0.00015712988660795
3718.0 0.00016460299440904
3720.0 0.00017211465134695
3722.0 0.00014624947917498
3724.0 0.00012024092629329
3726.0 9.4088992701892E-5
3728.0 6.7793678400777E-5
3730.0 4.1429414421578E-5
3732.0 6.1447829647989E-5
3734.0 8.1680894309185E-5
3736.0 0.00010212860840517
3738.0 0.00012279097193593
3740.0 0.00014366798490148
3742.0 0.00014786787179445
3744.0 0.00015210405302024
3746.0 0.00015606751328612
3748.0 0.00015998183647518
3750.0 0.00016391560900092
3752.0 0.00015037138262665
3754.0 0.00013674926161846
3756.0 0.00012304924597633
3758.0 0.00010927133570028
3760.0 9.5415530790305E-5
3762.0 9.0239203611123E-5
3764.0 8.504750157305E-5
3766.0 7.9843187418698E-5
3768.0 7.4604558457392E-5
3770.0 6.9331614689132E-5
3772.0 6.9903271187022E-5
3774.0 7.0477137032712E-5
3776.0 7.10532122262E-5
3778.0 7.1631496767488E-5
3780.0 7.2213287681878E-5
3782.0 9.3461965979682E-5
3784.0 0.00011484329325573
3786.0 0.00013635726951002
3788.0 0.00015800389474256
3790.0 0.00017978316895334
3792.0 0.00015041745247184
3794.0 0.00012080633414414
3796.0 9.1064787211338E-5
3798.0 6.1192811673443E-5
3800.0 3.1190407530452E-5
3802.0 3.4305473117885E-5
3804.0 3.7433700481258E-5
3806.0 4.0575089620569E-5
3808.0 4.372964053582E-5
3810.0 4.6897353227009E-5
3812.0 4.1387668424045E-5
3814.0 3.585274219717E-5
3816.0 3.0291755262958E-5
3818.0 2.4704707621409E-5
3820.0 1.9091599272524E-5
3822.0 2.8604013725863E-5
3824.0 3.8159848017608E-5
3826.0 4.7759102147758E-5
3828.0 5.7394686812646E-5
3830.0 6.7051097172319E-5
3832.0 5.830565002438E-5
3834.0 4.9527480090748E-5
3836.0 4.0716587371421E-5
3838.0 3.18729718664E-5
3840.0 2.2996633575685E-5
3842.0 3.4838759324131E-5
3844.0 4.6724022364982E-5
3846.0 5.865242269824E-5
3848.0 7.0623960323903E-5
3850.0 8.2638635241972E-5
3852.0 7.0621031591571E-5
3854.0 5.8557832572911E-5
3856.0 4.6448525430576E-5
3858.0 3.4293110164568E-5
3860.0 2.2091586774885E-5
3862.0 5.2073891671373E-5
3864.0 8.2168532496933E-5
3866.0 0.00011237550925156
3868.0 0.00014269482193526
3870.0 0.00017312647054804
3872.0 0.00014659635159991
3874.0 0.00011994365775993
3876.0 9.3187765199823E-5
3878.0 6.6350128845779E-5
3880.0 3.9430748697794E-5
3882.0 4.3364189428514E-5
3884.0 4.7309331923287E-5
3886.0 5.1266176182114E-5
3888.0 5.5234722204996E-5
3890.0 5.9214969991931E-5
3892.0 7.0941466178451E-5
3894.0 8.2702853133305E-5
3896.0 9.4499130856493E-5
3898.0 0.00010633029934801
3900.0 0.00011819635860787
3902.0 0.00010327147565446
3904.0 8.8301655066771E-5
3906.0 7.3269766622279E-5
3908.0 5.8186431050898E-5
3910.0 4.3072318818449E-5
3912.0 6.484577627745E-5
3914.0 8.6663264860896E-5
3916.0 0.00010852478456879
3918.0 0.00013043033540112
3920.0 0.0001523799173579
3922.0 0.00017856035520951
3924.0 0.00020479326520434
3926.0 0.00023107864734238
3928.0 0.00025741650162365
3930.0 0.00028380682804812
3932.0 0.0002550670107728
3934.0 0.00022626897040737
3936.0 0.00019741270695182
3938.0 0.00016849822040616
3940.0 0.00013952551077039
3942.0 0.00013824385054031
3944.0 0.00013695604726748
3946.0 0.00013566610153883
3948.0 0.00013437401335437
3950.0 0.00013307978271408
3952.0 0.00011703605101898
3954.0 0.00010096758271767
3956.0 8.4874377810156E-5
3958.0 6.8756436296427E-5
3960.0 5.2613758176489E-5
3962.0 5.3160702594809E-5
3964.0 5.3708420453152E-5
3966.0 5.4256911751519E-5
3968.0 5.4806176489911E-5
3970.0 5.5356214668327E-5
3972.0 5.9412957996716E-5
3974.0 6.3475805302997E-5
3976.0 6.7544756587169E-5
3978.0 7.1619811849233E-5
3980.0 7.5700971089188E-5
3982.0 8.5583089455613E-5
3984.0 9.5477693003313E-5
3986.0 0.00010538119532876
3988.0 0.00011529806053681
3990.0 0.00012522828862744
3992.0 0.00013242245157626
3994.0 0.00013962625070734
3996.0 0.0001468396860207
3998.0 0.00015406275751632
4000.0 0.00016129546519421
4002.0 0.0001698061150939
4004.0 0.00017832811449004
4006.0 0.00018686146338262
4008.0 0.00019540616177164
4010.0 0.00020396220965711
4012.0 0.00024944008979061
4014.0 0.00029497901279145
4016.0 0.00034057897865963
4018.0 0.00038623998739516
4020.0 0.00043196203899804
4022.0 0.00038041786328046
4024.0 0.0003288041362031
4026.0 0.00027712085776597
4028.0 0.00022536802796906
4030.0 0.00017354564681238
4032.0 0.00015334667824351
4034.0 0.00013312158832849
4036.0 0.0001128738160212
4038.0 9.2603361321655E-5
4040.0 7.2310224229843E-5
4042.0 6.1097417329851E-5
4044.0 4.9872071326835E-5
4046.0 3.8634186220797E-5
4048.0 2.7383762011734E-5
4050.0 1.6120798699648E-5
4052.0 2.0278192674123E-5
4054.0 2.4440196315623E-5
4056.0 2.8606809624149E-5
4058.0 3.2778032599701E-5
4060.0 3.6953865242279E-5
4062.0 4.6965544940918E-5
4064.0 5.6988295927554E-5
4066.0 6.7022118202186E-5
4068.0 7.7067011764816E-5
4070.0 8.7122976615442E-5
4072.0 7.9495981893491E-5
4074.0 7.186050578857E-5
4076.0 6.4216548300677E-5
4078.0 5.6560133053771E-5
4080.0 4.8888669604977E-5
4082.0 4.4533026437133E-5
4084.0 4.0174544844249E-5
4086.0 3.5813224826324E-5
4088.0 3.144906638336E-5
4090.0 2.7082069515355E-5
4092.0 2.678596343993E-5
4094.0 2.6489659722493E-5
4096.0 2.6193158363044E-5
4098.0 2.5896459361583E-5
4100.0 2.559956271811E-5
4102.0 2.7874291238267E-5
4104.0 3.0150486595526E-5
4106.0 3.2428148789886E-5
4108.0 3.4707277821348E-5
4110.0 3.698787368991E-5
4112.0 3.6776870332173E-5
4114.0 3.6565722910077E-5
4116.0 3.6354431423623E-5
4118.0 3.6142995872811E-5
4120.0 3.5931416257641E-5
4122.0 2.8754407893303E-5
4124.0 2.157276208537E-5
4126.0 1.4383984742717E-5
4128.0 7.1927619682337E-6
4130.0 0
4132.0 1.7247852182441E-5
4134.0 3.4499394478166E-5
4136.0 5.1754626887174E-5
4138.0 6.9013549409467E-5
4140.0 8.6276162045043E-5
4142.0 7.1188678630791E-5
4144.0 5.6097967058966E-5
4146.0 4.1004027329568E-5
4148.0 2.5906859442597E-5
4150.0 1.0806463398053E-5
4152.0 2.0535399264172E-5
4154.0 3.0266414128577E-5
4156.0 3.9999507991267E-5
4158.0 4.9734680852242E-5
4160.0 5.9471932711502E-5
4162.0 5.0117161532317E-5
4164.0 4.0760390784357E-5
4166.0 3.1401620467622E-5
4168.0 2.2040850582113E-5
4170.0 1.2678081127829E-5
4172.0 1.0611542869254E-5
4174.0 8.5441002200101E-6
4176.0 6.4766200320046E-6
4178.0 4.4091023052377E-6
4180.0 2.3415470397097E-6
4182.0 8.3963271072064E-6
4184.0 1.4451217102445E-5
4186.0 2.0506217025427E-5
4188.0 2.656132687615E-5
4190.0 3.2616546654616E-5
4192.0 2.999009472604E-5
4194.0 2.7363595109459E-5
4196.0 2.4737047804872E-5
4198.0 2.211045281228E-5
4200.0 1.9483810131682E-5
4202.0 2.6018758869984E-5
4204.0 3.255382624018E-5
4206.0 3.9089012242273E-5
4208.0 4.5624316876261E-5
4210.0 5.2159740142144E-5
4212.0 4.1833694630378E-5
4214.0 3.1507461660053E-5
4216.0 2.1181041231169E-5
4218.0 1.0854433343727E-5
4220.0 5.2763390170778E-7
4222.0 4.1396090946423E-6
4224.0 7.7515793141246E-6
4226.0 1.1363544560155E-5
4228.0 1.4975504832733E-5
4230.0 1.8587460131859E-5
4232.0 1.6384353477538E-5
4234.0 1.4181249856743E-5
4236.0 1.1978149269474E-5
4238.0 9.7750517157296E-6
4240.0 7.5719571955109E-6
4242.0 1.9065027265311E-5
4244.0 3.0558081509796E-5
4246.0 4.2051119928965E-5
4248.0 5.3544142522818E-5
4250.0 6.5037149291355E-5
4252.0 5.280168681674E-5
4254.0 4.0566241189661E-5
4256.0 2.8330812410119E-5
4258.0 1.6095400478115E-5
4260.0 3.8600053936486E-6
4262.0 4.5005595450963E-6
4264.0 5.1411128145274E-6
4266.0 5.781649111067E-6
4268.0 6.4221361193653E-6
4270.0 7.0626097353129E-6
4272.0 1.0816880021608E-5
4274.0 1.4571071811697E-5
4276.0 1.8325185105581E-5
4278.0 2.2079219903259E-5
4280.0 2.5833176204732E-5
4282.0 2.427608248058E-5
4284.0 2.2719021308357E-5
4286.0 2.1161992688061E-5
4288.0 1.9604996619692E-5
4290.0 1.8048033103251E-5
4292.0 2.0000713728708E-5
4294.0 2.1953353519107E-5
4296.0 2.3905952474449E-5
4298.0 2.5858510594732E-5
4300.0 2.7811027879958E-5
4302.0 3.3665336862957E-5
4304.0 3.9519523418195E-5
4306.0 4.5373587545672E-5
4308.0 5.1227529245389E-5
4310.0 5.7081348517345E-5
4312.0 6.2224312266848E-5
4314.0 6.7362549207484E-5
4316.0 7.2498570883841E-5
4318.0 7.7633580685589E-5
4320.0 8.2767578612728E-5
4322.0 7.3764768592371E-5
4324.0 6.4763728897434E-5
4326.0 5.5764459527919E-5
4328.0 4.6766960483826E-5
4330.0 3.7771231765154E-5
4332.0 3.4529769514034E-5
4334.0 3.1288944827665E-5
4336.0 2.8048757706045E-5
4338.0 2.4809208149175E-5
4340.0 2.1570296157054E-5
4342.0 1.8132419113814E-5
4344.0 1.4695218959705E-5
4346.0 1.1258695694729E-5
4348.0 7.8228493188838E-6
4350.0 4.3876798321706E-6
4352.0 4.1360198028004E-6
4354.0 3.8844092930224E-6
4356.0 3.6328483028366E-6
4358.0 3.3813368322429E-6
4360.0 3.1298327476288E-6
4362.0 3.8069397601112E-6
4364.0 4.4838467953537E-6
4366.0 5.1605538533563E-6
4368.0 5.8370609341192E-6
4370.0 6.5133680376422E-6
4372.0 5.2837200075654E-6
4374.0 4.0544348789647E-6
4376.0 2.82551265184E-6
4378.0 1.5969533261915E-6
4380.0 3.6875690201901E-7
4382.0 1.845355573601E-6
4384.0 3.3215177825968E-6
4386.0 4.7972435290066E-6
4388.0 6.2725328128302E-6
4390.0 7.7473856340678E-6
4392.0 8.8036339838604E-6
4394.0 9.8595695627112E-6
4396.0 1.091519237062E-5
4398.0 1.1970502407587E-5
4400.0 1.3025499673612E-5
4402.0 1.2625961983669E-5
4404.0 1.2226541991502E-5
4406.0 1.182723969711E-5
4408.0 1.1428141817889E-5
4410.0 1.1029180606684E-5
4412.0 1.4916307314415E-5
4414.0 1.8802358773206E-5
4416.0 2.2687334983057E-5
4418.0 2.6571235943968E-5
4420.0 3.0454061655938E-5
4422.0 2.9043622864163E-5
4424.0 2.7633573176191E-5
4426.0 2.6223912592021E-5
4428.0 2.4814641111654E-5
4430.0 2.3405758735091E-5
4432.0 2.9800554287714E-5
4434.0 3.6193578273611E-5
4436.0 4.2584830692783E-5
4438.0 4.8974311545228E-5
4440.0 5.5362020830947E-5
4442.0 4.4881906966706E-5
4444.0 3.4404694850432E-5
4446.0 2.3930384482126E-5
4448.0 1.3458975861788E-5
4450.0 2.9904689894178E-6
4452.0 7.8842049345186E-6
4454.0 1.2776583750337E-5
4456.0 1.7667605074123E-5
4458.0 2.2557269077939E-5
4460.0 2.7445575761784E-5
4462.0 2.4334633804463E-5
4464.0 2.122455416249E-5
4466.0 1.8115336835867E-5
4468.0 1.5006981824592E-5
4470.0 1.1899489128665E-5
4472.0 1.2996944337017E-5
4474.0 1.4094094300997E-5
4476.0 1.5190939020607E-5
4478.0 1.6287478495845E-5
4480.0 1.7383712726711E-5
4482.0 2.0376116088133E-5
4484.0 2.3367687149903E-5
4486.0 2.6358425912021E-5
4488.0 2.9348332374486E-5
4490.0 3.2337406537299E-5
4492.0 3.6635428538968E-5
4494.0 4.0932253982702E-5
4496.0 4.5227882868501E-5
4498.0 4.9522315196365E-5
4500.0 5.3815550966293E-5
4502.0 6.0728999455538E-5
4504.0 6.7639452154997E-5
4506.0 7.4547430555184E-5
4508.0 8.1452934656098E-5
4510.0 8.8355964457741E-5
4512.0 7.9409350381841E-5
4514.0 7.046593126856E-5
4516.0 6.1525707117898E-5
4518.0 5.2588677929856E-5
4520.0 4.3654843704433E-5
4522.0 5.3713946723503E-5
4524.0 6.3769445119102E-5
4526.0 7.382133889123E-5
4528.0 8.3869628039888E-5
4530.0 9.3914312565076E-5
4532.0 8.6171294162391E-5
4534.0 7.843104472731E-5
4536.0 7.0693564259833E-5
4538.0 6.2958852759959E-5
4540.0 5.5226910227688E-5
4542.0 5.4411929567605E-5
4544.0 5.3597237695554E-5
4546.0 5.2782834611535E-5
4548.0 5.1969107788846E-5
4550.0 5.1156802177376E-5
4552.0 5.7913828299341E-5
4554.0 6.4668829469494E-5
4556.0 7.1421805687832E-5
4558.0 7.8172756954358E-5
4560.0 8.4921683269071E-5
4562.0 8.379781997057E-5
4564.0 8.2674289533398E-5
4566.0 8.1551091957555E-5
4568.0 8.042822724304E-5
4570.0 7.9305695389853E-5
4572.0 6.7511042085392E-5
4574.0 5.5719921142394E-5
4576.0 4.3932332560859E-5
4578.0 3.2148276340787E-5
4580.0 2.0367752482177E-5
4582.0 2.3311813469842E-5
4584.0 2.6254990277579E-5
4586.0 2.9197282905387E-5
4588.0 3.2138691353267E-5
4590.0 3.5079215621219E-5
4592.0 3.2738711094444E-5
4594.0 3.0398907701105E-5
4596.0 2.8059597835154E-5
4598.0 2.5720956773794E-5
4600.0 2.3383063528422E-5
4602.0 2.9826533308691E-5
4604.0 3.6267936862344E-5
4606.0 4.2707274189382E-5
4608.0 4.9144545289806E-5
4610.0 5.5579750163614E-5
4612.0 4.6079864444267E-5
4614.0 3.658302286475E-5
4616.0 2.7089225425063E-5
4618.0 1.7598472125206E-5
4620.0 8.1107629651795E-6
4622.0 1.029974004354E-5
4624.0 1.248801404704E-5
4626.0 1.4675584975679E-5
4628.0 1.6862452829458E-5
4630.0 1.9048617608376E-5
4632.0 2.059560997706E-5
4634.0 2.2142104382806E-5
4636.0 2.3688100825613E-5
4638.0 2.5233599305481E-5
4640.0 2.6778599822411E-5
4642.0 2.7188537646379E-5
4644.0 2.7599621424204E-5
4646.0 2.8010621819775E-5
4648.0 2.8421538833091E-5
4650.0 2.8832372464153E-5
4652.0 5.2774542787192E-5
4654.0 7.6711886406449E-5
4656.0 0.00010064440332192
4658.0 0.00012457209353362
4660.0 0.00014849495704153
4662.0 0.00016570936807967
4664.0 0.00018292030437172
4666.0 0.00020012776591768
4668.0 0.00021733175271755
4670.0 0.00023453226477132
4672.0 0.00023814294302473
4674.0 0.00024175288795124
4676.0 0.00024536209955085
4678.0 0.00024897057782356
4680.0 0.00025257832276936
4682.0 0.00022359740697588
4684.0 0.00019462233667897
4686.0 0.00016565311187863
4688.0 0.00013668973257485
4690.0 0.00010773298736154
4692.0 0.00010304325576348
4694.0 9.8354375544787E-5
4696.0 9.3666346705472E-5
4698.0 8.8979169245529E-5
4700.0 8.429284316496E-5
4702.0 7.632065214882E-5
4704.0 6.834991070773E-5
4706.0 6.0380618841689E-5
4708.0 5.2412776550699E-5
4710.0 4.4446383834758E-5
4712.0 3.8037597927118E-5
4714.0 3.162997823868E-5
4716.0 2.5223524769446E-5
4718.0 1.8818237519415E-5
4720.0 1.2414116488586E-5
4722.0 1.3799207623211E-5
4724.0 1.5184046230057E-5
4726.0 1.6568632309122E-5
4728.0 1.7952965860406E-5
4730.0 1.9337046883911E-5
4732.0 1.9254308863404E-5
4734.0 1.9171585601014E-5
4736.0 1.908892032811E-5
4738.0 1.9006417723097E-5
4740.0 1.8923928246366E-5
4742.0 2.4097272656457E-5
4744.0 2.9269777731707E-5
4746.0 3.4441443472114E-5
4748.0 3.961226987768E-5
4750.0 4.4782256948403E-5
4752.0 3.87014608678E-5
4754.0 3.262165086706E-5
4756.0 2.6542826946183E-5
4758.0 2.046498910517E-5
4760.0 1.4388137344019E-5
4762.0 1.4288121020263E-5
4764.0 1.4188120742185E-5
4766.0 1.4088136509785E-5
4768.0 1.3988168323064E-5
4770.0 1.3888216182021E-5
4772.0 1.9192207969478E-5
4774.0 2.4495338249884E-5
4776.0 2.9797607023237E-5
4778.0 3.5099014289539E-5
4780.0 4.0399560048788E-5
4782.0 4.1944249023032E-5
4784.0 4.3487120712971E-5
4786.0 4.502898311746E-5
4788.0 4.6570438154433E-5
4790.0 4.8111485823889E-5
4792.0 6.69021437035E-5
4794.0 8.5687851736974E-5
4796.0 0.00010446860992431
4798.0 0.00012324441826551
4800.0 0.00014201527676057
4802.0 0.00013167345817108
4804.0 0.00012133435977583
4806.0 0.00011099798157481
4808.0 0.00010066432356801
4810.0 9.0333385755447E-5
4812.0 7.5712680005919E-5
4814.0 6.1095826289604E-5
4816.0 4.6482824606501E-5
4818.0 3.187367495661E-5
4820.0 1.7268377339932E-5
4822.0 1.7547300482272E-5
4824.0 1.7826149428903E-5
4826.0 1.8104924179827E-5
4828.0 1.8383624735043E-5
4830.0 1.8662646872557E-5
4832.0 1.5599161838259E-5
4834.0 1.2535866757814E-5
4836.0 9.4727616312213E-6
4838.0 6.4098464584813E-6
4840.0 3.347121239594E-6
4842.0 2.8834465724219E-6
4844.0 2.4198006592228E-6
4846.0 1.9561834999968E-6
4848.0 1.4925950947437E-6
4850.0 1.0290354434637E-6
4852.0 3.9066342539881E-6
4854.0 6.7840545456374E-6
4856.0 9.6612963184118E-6
4858.0 1.2538359572311E-5
4860.0 1.5415244307336E-5
4862.0 1.7184377660916E-5
4864.0 1.8953401216508E-5
4866.0 2.0722314974109E-5
4868.0 2.2491118933721E-5
4870.0 2.4259813095344E-5
4872.0 2.3246477186194E-5
4874.0 2.2233204113912E-5
4876.0 2.1219993878498E-5
4878.0 2.0205982663742E-5
4880.0 1.9191777507145E-5
4882.0 1.6446542929638E-5
4884.0 1.3701811439943E-5
4886.0 1.0957583038059E-5
4888.0 8.2138577239871E-6
4890.0 5.4706354977262E-6
4892.0 5.7275517792414E-6
4894.0 5.9844208347822E-6
4896.0 6.2412426643485E-6
4898.0 6.4980172679403E-6
4900.0 6.7547446455577E-6
4902.0 8.4926865599119E-6
4904.0 1.023030937098E-5
4906.0 1.1967613078763E-5
4908.0 1.3704597683259E-5
4910.0 1.544126318447E-5
4912.0 1.6916855683557E-5
4914.0 1.8392176961248E-5
4916.0 1.9867227017544E-5
4918.0 2.1342005852446E-5
4920.0 2.2816513465952E-5
4922.0 1.9294071027114E-5
4924.0 1.5772435088802E-5
4926.0 1.2251871013293E-5
4928.0 8.7315971065273E-6
4930.0 5.2116133685038E-6
4932.0 5.8289135698962E-6
4934.0 6.4461628593287E-6
4936.0 7.0633612368013E-6
4938.0 7.680508702314E-6
4940.0 8.2976052558668E-6
4942.0 9.3750151751909E-6
4944.0 1.0452336219302E-5
4946.0 1.1529568388199E-5
4948.0 1.2606711681884E-5
4950.0 1.3683766100355E-5
4952.0 1.6542937458451E-5
4954.0 1.9401872944085E-5
4956.0 2.2260572557258E-5
4958.0 2.5119036297969E-5
4960.0 2.7977264166219E-5
4962.0 2.5138367673955E-5
4964.0 2.2299705288419E-5
4966.0 1.9461277009613E-5
4968.0 1.6623082837535E-5
4970.0 1.3785122772186E-5
4972.0 1.7516047024058E-5
4974.0 2.1245830224618E-5
4976.0 2.497477565768E-5
4978.0 2.8702883323243E-5
4980.0 3.2430153221308E-5
4982.0 3.1113055356518E-5
4984.0 2.9796252491558E-5
4986.0 2.847974462643E-5
4988.0 2.7163531761132E-5
4990.0 2.5847613895666E-5
4992.0 2.2483650822048E-5
4994.0 1.9120443060074E-5
4996.0 1.5757990609744E-5
4998.0 1.2396293471056E-5
5000.0 9.0353516440118E-6
5002.0 1.4300063198912E-5
5004.0 1.9563590751776E-5
5006.0 2.4825934302606E-5
5008.0 3.0087093851399E-5
5010.0 3.5347069398158E-5
5012.0 2.9777868579985E-5
5014.0 2.4209919809941E-5
5016.0 1.8643223088027E-5
5018.0 1.3077778414243E-5
5020.0 7.5135857885873E-6
5022.0 9.5398464515446E-6
5024.0 1.1565650805401E-5
5026.0 1.3590998850157E-5
5028.0 1.5615890585811E-5
5030.0 1.7640326012365E-5
5032.0 1.6906148639852E-5
5034.0 1.6172136179049E-5
5036.0 1.5438288629956E-5
5038.0 1.4704605992573E-5
5040.0 1.39710882669E-5
5042.0 1.1442035661857E-5
5044.0 8.9135526426481E-6
5046.0 6.385639209273E-6
5048.0 3.8582953617317E-6
5050.0 1.3315211000242E-6
5052.0 7.2639601669776E-6
5054.0 1.3195061527777E-5
5056.0 1.9124825182423E-5
5058.0 2.5053251130916E-5
5060.0 3.0980339373255E-5
5062.0 2.8993333395831E-5
5064.0 2.7006774921542E-5
5066.0 2.5021704585295E-5
5068.0 2.3037367694399E-5
5070.0 2.1053235725297E-5
5072.0 1.8507090406881E-5
5074.0 1.5961208114202E-5
5076.0 1.3415588847258E-5
5078.0 1.087023260605E-5
5080.0 8.3251393905781E-6
5082.0 6.659767287841E-6
5084.0 4.9945672974146E-6
5086.0 3.329539419299E-6
5088.0 1.6646836534941E-6
5090.0 0
5092.0 2.582740485095E-6
5094.0 5.1652139120039E-6
5096.0 7.7474202807268E-6
5098.0 1.0329359591264E-5
5100.0 1.2911031843614E-5
5102.0 1.1866547518299E-5
5104.0 1.0822171152675E-5
5106.0 9.7779027467442E-6
5108.0 8.7337423005054E-6
5110.0 7.6896898139588E-6
5112.0 8.3519901196254E-6
5114.0 9.0146150087637E-6
5116.0 9.6772389443054E-6
5118.0 1.0339861926251E-5
5120.0 1.1002483954599E-5
5122.0 1.0798726481455E-5
5124.0 1.0594969301528E-5
5126.0 1.039121241482E-5
5128.0 1.018745582133E-5
5130.0 9.983699521058E-6
5132.0 1.2533210220664E-5
5134.0 1.5082717251219E-5
5136.0 1.7632220612721E-5
5138.0 2.0181720305172E-5
5140.0 2.2731216328571E-5
5142.0 2.1703600908665E-5
5144.0 2.0675986967599E-5
5146.0 1.9648374505373E-5
5148.0 1.8620763521986E-5
5150.0 1.7593154017438E-5
5152.0 1.5603504122906E-5
5154.0 1.3613857091713E-5
5156.0 1.1624212923858E-5
5158.0 9.6345716193436E-6
5160.0 7.6448813030923E-6
5162.0 8.0682292365799E-6
5164.0 8.4915679192818E-6
5166.0 8.9148973511982E-6
5168.0 9.338217532329E-6
5170.0 9.7615284626742E-6
5172.0 9.9137779571996E-6
5174.0 1.006602412299E-5
5176.0 1.0218266960047E-5
5178.0 1.0370506468369E-5
5180.0 1.0522742647956E-5
5182.0 8.7865712701775E-6
5184.0 7.0504378244907E-6
5186.0 5.3143423108954E-6
5188.0 3.5782847293916E-6
5190.0 1.8422650799793E-6
5192.0 4.4160737184601E-6
5194.0 6.9898261168093E-6
5196.0 9.5635222750269E-6
5198.0 1.2137162193113E-5
5200.0 1.4710745871068E-5
5202.0 1.2012906495275E-5
5204.0 9.3151260690495E-6
5206.0 6.6173073343181E-6
5208.0 3.9193243905584E-6
5210.0 1.2218959934084E-6
5212.0 1.1898981032323E-6
5214.0 1.15790676712E-6
5216.0 1.1259219850713E-6
5218.0 1.0939437570862E-6
5220.0 1.0619720831649E-6
5222.0 5.1199487024874E-6
5224.0 9.1770904069208E-6
5226.0 1.3233397196465E-5
5228.0 1.728886907112E-5
5230.0 2.1343506030886E-5
5232.0 2.2745785244897E-5
5234.0 2.4147775351877E-5
5236.0 2.5549476351826E-5
5238.0 2.6950888244744E-5
5240.0 2.8352011030631E-5
5242.0 2.3909767178745E-5
5244.0 1.9468437618742E-5
5246.0 1.5028022350622E-5
5248.0 1.0588521374384E-5
5250.0 6.1499346900282E-6
5252.0 8.4181812028423E-6
5254.0 1.0687034355685E-5
5256.0 1.2956561975204E-5
5258.0 1.5226318396889E-5
5260.0 1.7496303620741E-5
5262.0 1.6148665212664E-5
5264.0 1.4800890841929E-5
5266.0 1.3452980508536E-5
5268.0 1.2104934212485E-5
5270.0 1.0756751953776E-5
5272.0 9.3500950790515E-6
5274.0 7.9432963612392E-6
5276.0 6.5363558003392E-6
5278.0 5.1292733963517E-6
5280.0 3.7220491492766E-6
5282.0 8.206603573222E-6
5284.0 1.2691609899266E-5
5286.0 1.7177068127407E-5
5288.0 2.1662978257647E-5
5290.0 2.6149340289985E-5
5292.0 2.4001651915328E-5
5294.0 2.1853747033948E-5
5296.0 1.9705625645845E-5
5298.0 1.7557287751019E-5
5300.0 1.5408687709565E-5
5302.0 1.7740866368849E-5
5304.0 2.0073184630369E-5
5306.0 2.2405642494125E-5
5308.0 2.4738239960117E-5
5310.0 2.7070977028346E-5
5312.0 2.3074717540389E-5
5314.0 1.9078218779708E-5
5316.0 1.5081480746301E-5
5318.0 1.108450344017E-5
5320.0 7.0872868613131E-6
5322.0 6.6433136371889E-6
5324.0 6.1993138272064E-6
5326.0 5.7552874313656E-6
5328.0 5.3112344496664E-6
5330.0 4.8671548821089E-6
5332.0 7.9788330007797E-6
5334.0 1.1090697326379E-5
5336.0 1.4202747858906E-5
5338.0 1.7314984598361E-5
5340.0 2.0427407544744E-5
5342.0 2.0647522542195E-5
5344.0 2.0867650673696E-5
5346.0 2.1087791939247E-5
5348.0 2.1309478170843E-5
5350.0 2.1532079632299E-5
5352.0 1.8163191940751E-5
5354.0 1.4793345316412E-5
5356.0 1.1422539759281E-5
5358.0 8.0507752693579E-6
5360.0 4.6780518466432E-6
5362.0 8.1877541427333E-6
5364.0 1.1698453648344E-5
5366.0 1.5210150363476E-5
5368.0 1.8722844288129E-5
5370.0 2.2236535422302E-5
5372.0 2.1799865188129E-5
5374.0 2.1363070050945E-5
5376.0 2.092615001075E-5
5378.0 2.0489105067545E-5
5380.0 2.0051935221329E-5
5382.0 2.3632695668341E-5
5384.0 2.7214471455957E-5
5386.0 3.0797262584176E-5
5388.0 3.4381069052997E-5
5390.0 3.7965890862422E-5
5392.0 3.6097575305738E-5
5394.0 3.4227975933158E-5
5396.0 3.2353370166216E-5
5398.0 3.0478843379432E-5
5400.0 2.8604395572805E-5
5402.0 2.827521766124E-5
5404.0 2.7946053599276E-5
5406.0 2.7616903386914E-5
5408.0 2.7287767024152E-5
5410.0 2.6958644510991E-5
5412.0 2.1799103202882E-5
5414.0 1.6639779370941E-5
5416.0 1.1480673015168E-5
5418.0 6.3217841355619E-6
5420.0 1.163112732124E-6
5422.0 3.7254337010741E-6
5424.0 6.2876466431361E-6
5426.0 8.84975155831E-6
5428.0 1.1411748446596E-5
5430.0 1.3973637307993E-5
5432.0 1.3994648963729E-5
5434.0 1.4015659721112E-5
5436.0 1.4036669580143E-5
5438.0 1.4057678540821E-5
5440.0 1.4078686603146E-5
5442.0 1.2862204285203E-5
5444.0 1.1645744990494E-5
5446.0 1.0429361727765E-5
5448.0 9.2130544970148E-6
5450.0 7.9968232982435E-6
5452.0 1.0202952989419E-5
5454.0 1.2408944713077E-5
5456.0 1.4614798469217E-5
5458.0 1.6820514257838E-5
5460.0 1.9026092078941E-5
5462.0 1.739448670657E-5
5464.0 1.5762983339145E-5
5466.0 1.4131581976667E-5
5468.0 1.2500282619137E-5
5470.0 1.0869085266553E-5
5472.0 1.1102977895248E-5
5474.0 1.1336855872525E-5
5476.0 1.1570719198384E-5
5478.0 1.1804567872825E-5
5480.0 1.2038401895849E-5
5482.0 1.1140274300758E-5
5484.0 1.0242202869436E-5
5486.0 9.3441876018829E-6
5488.0 8.446321447526E-6
5490.0 7.5491008850344E-6
5492.0 1.1000529585988E-5
5494.0 1.4452375273997E-5
5496.0 1.7904637949062E-5
5498.0 2.1357317611183E-5
5500.0 2.4810414260361E-5
5502.0 2.1269382223723E-5
5504.0 1.7727922266178E-5
5506.0 1.4186034387726E-5
5508.0 1.0643718588367E-5
5510.0 7.1009748681019E-6
5512.0 6.4924582838727E-6
5514.0 5.883868164137E-6
5516.0 5.2752045088947E-6
5518.0 4.6664673181459E-6
5520.0 4.0576565918905E-6
5522.0 1.0680183724713E-5
5524.0 1.7303510314982E-5
5526.0 2.3927636362696E-5
5528.0 3.0552561867857E-5
5530.0 3.7178286830463E-5
5532.0 3.4039814801183E-5
5534.0 3.090096373174E-5
5536.0 2.7761733622136E-5
5538.0 2.462212447237E-5
5540.0 2.1482136282442E-5
5542.0 2.1136925293327E-5
5544.0 2.0791672498312E-5
5546.0 2.0446377897396E-5
5548.0 2.0101041490581E-5
5550.0 1.9755663277865E-5
5552.0 1.7897595181079E-5
5554.0 1.6039302833156E-5
5556.0 1.4180786234096E-5
5558.0 1.23220453839E-5
5560.0 1.0463080282567E-5
5562.0 9.0964054553383E-6
5564.0 7.7295657627899E-6
5566.0 6.3625612049221E-6
5568.0 4.995391781735E-6
5570.0 3.6280574932285E-6
5572.0 8.9604192871051E-6
5574.0 1.4293423819899E-5
5576.0 1.962707109161E-5
5578.0 2.4961361102239E-5
5580.0 3.0296293851784E-5
5582.0 2.6600965515812E-5
5584.0 2.2903998441815E-5
5586.0 1.9207036665017E-5
5588.0 1.5510080185417E-5
5590.0 1.1813129003015E-5
5592.0 1.0621133979249E-5
5594.0 9.429140663434E-6
5596.0 8.2371490555704E-6
5598.0 7.045159155658E-6
5600.0 5.853170963697E-6
5602.0 8.7512849067104E-6
5604.0 1.1649394697108E-5
5606.0 1.454750033489E-5
5608.0 1.7445601820056E-5
5610.0 2.0343699152605E-5
5612.0 1.9349183512607E-5
5614.0 1.8354669297601E-5
5616.0 1.7360156507587E-5
5618.0 1.6365645142566E-5
5620.0 1.5371135202536E-5
5622.0 1.4172034178024E-5
5624.0 1.2972934871661E-5
5626.0 1.1773837283445E-5
5628.0 1.0574741413377E-5
5630.0 9.3756472606001E-6
5632.0 9.966288105641E-6
5634.0 1.0556928104174E-5
5636.0 1.1147567256198E-5
5638.0 1.1738205561715E-5
5640.0 1.2328843020723E-5
5642.0 1.6130669489733E-5
5644.0 1.9932490509983E-5
5646.0 2.3734306081475E-5
5648.0 2.7536116204209E-5
5650.0 3.1337920878183E-5
5652.0 2.8366891304613E-5
5654.0 2.5395865989079E-5
5656.0 2.2424844931584E-5
5658.0 1.9453828132127E-5
5660.0 1.6482815590707E-5
5662.0 1.3805348874898E-5
5664.0 1.1127885996422E-5
5666.0 8.4504269552789E-6
5668.0 5.7729717514698E-6
5670.0 3.0955203849942E-6
5672.0 3.5100329557288E-6
5674.0 3.9245449323778E-6
5676.0 4.3390982031418E-6
5678.0 4.7540960439799E-6
5680.0 5.16917753536E-6
5682.0 9.9140768180812E-6
5684.0 1.4659933235331E-5
5686.0 1.940674678711E-5
5688.0 2.4154517473417E-5
5690.0 2.8903245294252E-5
5692.0 2.4462071250171E-5
5694.0 2.0020001104146E-5
5696.0 1.5577034856176E-5
5698.0 1.1133172506262E-5
5700.0 6.6884140544033E-6
5702.0 8.4508745598487E-6
5704.0 1.0213690131329E-5
5706.0 1.1976860768844E-5
5708.0 1.3740386472394E-5
5710.0 1.5504267241978E-5
5712.0 1.5147590840799E-5
5714.0 1.4790842277564E-5
5716.0 1.4434021552274E-5
5718.0 1.4077128664928E-5
5720.0 1.3720163615526E-5
5722.0 1.3972972845248E-5
5724.0 1.4225237108109E-5
5726.0 1.4477109738189E-5
5728.0 1.4728997302956E-5
5730.0 1.4980899802407E-5
5732.0 1.5978317482988E-5
5734.0 1.6975794372711E-5
5736.0 1.7973330471577E-5
5738.0 1.8970925779586E-5
5740.0 1.9968580296737E-5
5742.0 2.078078316899E-5
5744.0 2.1593034234732E-5
5746.0 2.2405333493961E-5
5748.0 2.3217680946679E-5
5750.0 2.4030076592885E-5
5752.0 1.9675989791807E-5
5754.0 1.5321644440609E-5
5756.0 1.0967040539291E-5
5758.0 6.6121780878524E-6
5760.0 2.2570570862935E-6
5762.0 2.7709989700203E-6
5764.0 3.2849713586364E-6
5766.0 3.7989742521417E-6
5768.0 4.3130076505362E-6
5770.0 4.8270881742573E-6
5772.0 5.1950609596803E-6
5774.0 5.5630853465458E-6
5776.0 5.9311613348539E-6
5778.0 6.2992889246045E-6
5780.0 6.6674681157977E-6
5782.0 5.3343487283428E-6
5784.0 4.0010422230356E-6
5786.0 2.667548599876E-6
5788.0 1.3338678588642E-6
5790.0 0
5792.0 4.8754619631004E-7
5794.0 9.7516077705607E-7
5796.0 1.4628437422381E-6
5798.0 1.9505950918561E-6
5800.0 2.4384148259101E-6
5802.0 2.5314842931715E-6
5804.0 2.6245667860397E-6
5806.0 2.7176623045149E-6
5808.0 2.8107708485968E-6
5810.0 2.9038924182856E-6
5812.0 7.2379006589173E-6
5814.0 1.1572516343715E-5
5816.0 1.5907739472678E-5
5818.0 2.024321704946E-5
5820.0 2.4578834119016E-5
5822.0 2.4354570444301E-5
5824.0 2.4130288867978E-5
5826.0 2.3905989390049E-5
5828.0 2.3681672010512E-5
5830.0 2.3457336729369E-5
5832.0 1.9848341569263E-5
5834.0 1.6239059557215E-5
5836.0 1.2629490693225E-5
5838.0 9.0196349772923E-6
5840.0 5.4094924094172E-6
5842.0 1.079616627059E-5
5844.0 1.6183268065418E-5
5846.0 2.1570797793901E-5
5848.0 2.695875545604E-5
5850.0 3.2347141051834E-5
5852.0 3.1336028265134E-5
5854.0 3.0324835063277E-5
5856.0 2.9313561446265E-5
5858.0 2.8302207414096E-5
5860.0 2.7290772966773E-5
5862.0 2.3583169741357E-5
5864.0 1.9875271991882E-5
5866.0 1.6167079718346E-5
5868.0 1.2458592920752E-5
5870.0 8.749811599097E-6
5872.0 9.6663310400331E-6
5874.0 1.0582923224008E-5
5876.0 1.1499588151021E-5
5878.0 1.2416325821072E-5
5880.0 1.3333136234162E-5
5882.0 1.1704989551933E-5
5884.0 1.0076713580321E-5
5886.0 8.4483083193233E-6
5888.0 6.8197737689413E-6
5890.0 5.1911099291747E-6
5892.0 4.5307657391253E-6
5894.0 3.8703691229408E-6
5896.0 3.2099200806212E-6
5898.0 2.5494186121665E-6
5900.0 1.8888647175767E-6
5902.0 5.6005718153827E-6
5904.0 9.3125734372484E-6
5906.0 1.3024869583174E-5
5908.0 1.6737460253159E-5
5910.0 2.0450345447204E-5
5912.0 1.7604456814012E-5
5914.0 1.4758568508955E-5
5916.0 1.1912051880902E-5
5918.0 9.0649069298559E-6
5920.0 6.217133655815E-6
5922.0 8.2946067553676E-6
5924.0 1.0372537858914E-5
5926.0 1.2450926966455E-5
5928.0 1.452977407799E-5
5930.0 1.6609079193518E-5
5932.0 1.4827007475906E-5
5934.0 1.3044542562458E-5
5936.0 1.1261684453174E-5
5938.0 9.4784331480543E-6
5940.0 7.6947886470981E-6
5942.0 8.6051205792464E-6
5944.0 9.5156528634438E-6
5946.0 1.042638549969E-5
5948.0 1.1337318487986E-5
5950.0 1.2248451828331E-5
5952.0 1.222826224123E-5
5954.0 1.2208067912069E-5
5956.0 1.2187868840847E-5
5958.0 1.2167606215174E-5
5960.0 1.2146419293086E-5
5962.0 1.5084268691404E-5
5964.0 1.8022291337587E-5
5966.0 2.0960487231634E-5
5968.0 2.3898856373546E-5
5970.0 2.6837398763322E-5
5972.0 2.3521352537472E-5
5974.0 2.0205110719441E-5
5976.0 1.6888673309231E-5
5978.0 1.3572040306842E-5
5980.0 1.0255211712272E-5
5982.0 1.0562640651722E-5
5984.0 1.0870087699597E-5
5986.0 1.1177552855899E-5
5988.0 1.1485036120626E-5
5990.0 1.1792537493779E-5
5992.0 1.5193331635627E-5
5994.0 1.8594326240927E-5
5996.0 2.1995521309679E-5
5998.0 2.5396916841883E-5
6000.0 2.879851283754E-5
6002.0 2.6702739333599E-5
6004.0 2.4606842247592E-5
6006.0 2.2510697080845E-5
6008.0 2.0414359149941E-5
6010.0 1.8317939805311E-5
6012.0 2.1159023728062E-5
6014.0 2.4000217946529E-5
6016.0 2.6841522460713E-5
6018.0 2.9682937270613E-5
6020.0 3.2524462376231E-5
6022.0 3.7119937086082E-5
6024.0 4.1715590180593E-5
6026.0 4.6311421659764E-5
6028.0 5.0907431523596E-5
6030.0 5.5503619772088E-5
6032.0 4.9110469723582E-5
6034.0 4.271707145739E-5
6036.0 3.6323424973512E-5
6038.0 2.9929530271949E-5
6040.0 2.3535387352701E-5
6042.0 2.0820100677723E-5
6044.0 1.8104708590457E-5
6046.0 1.5389211090902E-5
6048.0 1.2673608179058E-5
6050.0 9.9578998549262E-6
6052.0 1.4629782147564E-5
6054.0 1.9302224989522E-5
6056.0 2.3975037087646E-5
6058.0 2.8648218441935E-5
6060.0 3.332176905239E-5
6062.0 3.1665471227904E-5
6064.0 3.0009042409119E-5
6066.0 2.8352482596034E-5
6068.0 2.669579178865E-5
6070.0 2.5038969986966E-5
6072.0 2.1815783477735E-5
6074.0 1.8592342225795E-5
6076.0 1.5368646231143E-5
6078.0 1.2144695493781E-5
6080.0 8.9204900137087E-6
6082.0 8.9676048429285E-6
6084.0 9.0147233661306E-6
6086.0 9.0618455833153E-6
6088.0 9.1089714944823E-6
6090.0 9.1561010996317E-6
6092.0 1.0383320748566E-5
6094.0 1.1610637293501E-5
6096.0 1.2838050734435E-5
6098.0 1.4065561071371E-5
6100.0 1.5293085273458E-5
6102.0 1.8488984602315E-5
6104.0 2.168507200465E-5
6106.0 2.488134748046E-5
6108.0 2.8077811029748E-5
6110.0 3.1274462652511E-5
6112.0 2.6038825693591E-5
6114.0 2.0802880573739E-5
6116.0 1.5566627292953E-5
6118.0 1.0330065851235E-5
6120.0 5.0931962485832E-6
6122.0 4.8863726653466E-6
6124.0 4.6795369039288E-6
6126.0 4.4726889643298E-6
6128.0 4.2658288465495E-6
6130.0 4.0589565505881E-6
6132.0 7.8373466452541E-6
6134.0 1.1615959018201E-5
6136.0 1.539479366943E-5
6138.0 1.9173850598939E-5
6140.0 2.2953129806729E-5
6142.0 2.3380475627962E-5
6144.0 2.3807846546837E-5
6146.0 2.4235264469519E-5
6148.0 2.4663429031106E-5
6150.0 2.5091644402941E-5
6152.0 2.1371034351048E-5
6154.0 1.7649981156614E-5
6156.0 1.3928484819637E-5
6158.0 1.0206545340117E-5
6160.0 6.4841627180557E-6
6162.0 7.6229471539513E-6
6164.0 8.7618670838415E-6
6166.0 9.9009225077263E-6
6168.0 1.1040113425606E-5
6170.0 1.217943983748E-5
6172.0 1.0805391471166E-5
6174.0 9.4311795258682E-6
6176.0 8.0568040015866E-6
6178.0 6.6822648983211E-6
6180.0 5.3075622160716E-6
6182.0 6.4613725930774E-6
6184.0 7.6153201791916E-6
6186.0 8.7694049744142E-6
6188.0 9.9236269787453E-6
6190.0 1.1077986192185E-5
6192.0 1.1224677488478E-5
6194.0 1.1371206569588E-5
6196.0 1.1517583839094E-5
6198.0 1.1663969688099E-5
6200.0 1.1810364116605E-5
6202.0 1.1194029604823E-5
6204.0 1.0577658868486E-5
6206.0 9.9612519075922E-6
6208.0 9.3448087221426E-6
6210.0 8.728329312137E-6
6212.0 9.1938697483948E-6
6214.0 9.6594375119491E-6
6216.0 1.01250326028E-5
6218.0 1.0590655020948E-5
6220.0 1.1056304766392E-5
6222.0 1.5755245986979E-5
6224.0 2.0454463128527E-5
6226.0 2.5153956191035E-5
6228.0 2.9853725174502E-5
6230.0 3.455377007893E-5
6232.0 3.3537353125099E-5
6234.0 3.2520876432527E-5
6236.0 3.1504340001214E-5
6238.0 3.048774383116E-5
6240.0 2.9471070203874E-5
6242.0 2.4190255896771E-5
6244.0 1.8909449052708E-5
6246.0 1.3628649671685E-5
6248.0 8.3478577537024E-6
6250.0 3.0670732987594E-6
6252.0 5.0408216125859E-6
6254.0 7.0145671370151E-6
6256.0 8.9883098720471E-6
6258.0 1.0962049817682E-5
6260.0 1.2935786973919E-5
6262.0 1.7354148811322E-5
6264.0 2.1772504404452E-5
6266.0 2.619085375331E-5
6268.0 3.0609196857896E-5
6270.0 3.502753371821E-5
6272.0 3.3048359992445E-5
6274.0 3.1069189063726E-5
6276.0 2.9090020932054E-5
6278.0 2.7110855597428E-5
6280.0 2.5131693059849E-5
6282.0 2.2042986994109E-5
6284.0 1.8954285293495E-5
6286.0 1.5865587958008E-5
6288.0 1.2776894988636E-5
6290.0 9.6882063846179E-6
6292.0 1.2372750921002E-5
6294.0 1.5057291664204E-5
6296.0 1.7741828614225E-5
6298.0 2.0426361771065E-5
6300.0 2.3110891134723E-5
6302.0 2.5725055728035E-5
6304.0 2.8339216627584E-5
6306.0 3.095337383337E-5
6308.0 3.3567527345392E-5
6310.0 3.6181677163651E-5
6312.0 4.0098398828234E-5
6314.0 4.4015114958546E-5
6316.0 4.7931825554585E-5
6318.0 5.1848530616352E-5
6320.0 5.5765230143848E-5
6322.0 4.6125804976043E-5
6324.0 3.6486393428513E-5
6326.0 2.6846995501258E-5
6328.0 1.7207611194276E-5
6330.0 7.5682405075684E-6
6332.0 6.5507179662362E-6
6334.0 5.5331968626379E-6
6336.0 4.5156771961041E-6
6338.0 3.4981589676141E-6
6340.0 2.4806421771681E-6
6342.0 4.1494348914448E-6
6344.0 5.8182252472276E-6
6346.0 7.4870132445163E-6
6348.0 9.155798883311E-6
6350.0 1.0824582163612E-5
6352.0 1.1674303613825E-5
6354.0 1.252402386312E-5
6356.0 1.3373742911494E-5
6358.0 1.4223460758949E-5
6360.0 1.5073177405484E-5
6362.0 1.3204130158305E-5
6364.0 1.1335085552639E-5
6366.0 9.4660435884863E-6
6368.0 7.5970042658469E-6
6370.0 5.7279675847209E-6
6372.0 4.7104607228973E-6
6374.0 3.6929552991176E-6
6376.0 2.6754513133818E-6
6378.0 1.65794876569E-6
6380.0 6.4044765604214E-7
6382.0 4.6617340105826E-6
6384.0 8.6830146817898E-6
6386.0 1.2704289669664E-5
6388.0 1.6725558974205E-5
6390.0 2.0746822595413E-5
6392.0 2.2312740915995E-5
6394.0 2.3878657023418E-5
6396.0 2.544457091768E-5
6398.0 2.7010482598783E-5
6400.0 2.8576392066727E-5
6402.0 2.3566486475753E-5
6404.0 1.8556587965361E-5
6406.0 1.3546696535551E-5
6408.0 8.5368121863224E-6
6410.0 3.5269349176751E-6
6412.0 6.6948574068362E-6
6414.0 9.8627754186833E-6
6416.0 1.3030688953216E-5
6418.0 1.6198598010435E-5
6420.0 1.936650259034E-5
6422.0 2.0654581413127E-5
6424.0 2.1942658415411E-5
6426.0 2.3230733597193E-5
6428.0 2.4518806958472E-5
6430.0 2.580610655045E-5
6432.0 3.0591156178334E-5
6434.0 3.5375911272279E-5
6436.0 4.0160371832283E-5
6438.0 4.4944537858348E-5
6440.0 4.9728409350473E-5
6442.0 4.3619689537391E-5
6444.0 3.7511345635324E-5
6446.0 3.1403377644271E-5
6448.0 2.5295785564232E-5
6450.0 1.9188569395207E-5
6452.0 1.8495480291023E-5
6454.0 1.7802433818212E-5
6456.0 1.7109429976775E-5
6458.0 1.641646876671E-5
6460.0 1.5723550188019E-5
6462.0 1.5934029302432E-5
6464.0 1.6144495427599E-5
6466.0 1.6354948563519E-5
6468.0 1.6565388710192E-5
6470.0 1.6775815867619E-5
6472.0 1.412694741674E-5
6474.0 1.1478242053067E-5
6476.0 8.8296998049342E-6
6478.0 6.1813206476569E-6
6480.0 3.533104542901E-6
6482.0 5.1120285693084E-6
6484.0 6.6908553635791E-6
6486.0 8.2695849257131E-6
6488.0 9.8482172557105E-6
6490.0 1.1426752353571E-5
6492.0 1.4338871034467E-5
6494.0 1.7250810346489E-5
6496.0 2.0162570289639E-5
6498.0 2.3074150863915E-5
6500.0 2.5985552069318E-5
6502.0 2.3362850691527E-5
6504.0 2.0740310812318E-5
6506.0 1.8117932431693E-5
6508.0 1.5495715549651E-5
6510.0 1.2873660166192E-5
6512.0 1.9710777349315E-5
6514.0 2.6547473304175E-5
6516.0 3.3383748030772E-5
6518.0 4.0219601529105E-5
6520.0 4.7055033799174E-5
6522.0 3.9228133593756E-5
6524.0 3.1400788839933E-5
6526.0 2.3574373919476E-5
6528.0 1.5748912457837E-5
6530.0 7.9244044550174E-6
6532.0 7.9905545568469E-6
6534.0 8.0566965375953E-6
6536.0 8.1228303972626E-6
6538.0 8.1889561358488E-6
6540.0 8.2550737533538E-6
6542.0 8.8810897817295E-6
6544.0 9.5070294280451E-6
6546.0 1.0132892692301E-5
6548.0 1.0758679574496E-5
6550.0 1.1384390074631E-5
6552.0 2.3699685084603E-5
6554.0 3.6013478133549E-5
6556.0 4.8325769221468E-5
6558.0 6.063655834836E-5
6560.0 7.2945845514225E-5
6562.0 6.7246785727476E-5
6564.0 6.1548420622395E-5
6566.0 5.5850750198981E-5
6568.0 5.0153774457234E-5
6570.0 4.445813009265E-5
6572.0 3.82257968008E-5
6574.0 3.1993848079462E-5
6576.0 2.5762283928635E-5
6578.0 1.9531104348321E-5
6580.0 1.3300309338518E-5
6582.0 1.3866425976352E-5
6584.0 1.4432507643139E-5
6586.0 1.4998554338876E-5
6588.0 1.5564566063566E-5
6590.0 1.6130542817207E-5
6592.0 2.2943505332133E-5
6594.0 2.9756047195306E-5
6596.0 3.6568168406727E-5
6598.0 4.3379868966396E-5
6600.0 5.0191148874313E-5
6602.0 4.6259294322138E-5
6604.0 4.2327682457937E-5
6606.0 3.8396313281708E-5
6608.0 3.4465186793452E-5
6610.0 3.053430299317E-5
6612.0 2.710341308046E-5
6614.0 2.3672734992386E-5
6616.0 2.0242268728947E-5
6618.0 1.6811194505345E-5
6620.0 1.3380646394521E-5
6622.0 2.1754140841836E-5
6624.0 3.0126275782595E-5
6626.0 3.8497051216797E-5
6628.0 4.6866467144442E-5
6630.0 5.523452356553E-5
6632.0 6.233296849139E-5
6634.0 6.9430259878853E-5
6636.0 7.6526397727921E-5
6638.0 8.3621382038592E-5
6640.0 9.0715212810867E-5
6642.0 9.8486650118126E-5
6644.0 0.00010625682360942
6646.0 0.00011402573328474
6648.0 0.0001217933791441
6650.0 0.0001295597611875
6652.0 0.00011938453186826
6654.0 0.00010921095467041
6656.0 9.9039029593941E-5
6658.0 8.886875663885E-5
6660.0 7.8700135805139E-5
6662.0 7.155460472886E-5
6664.0 6.4409636850435E-5
6666.0 5.7265338459131E-5
6668.0 5.0122488880014E-5
6670.0 4.2981088113083E-5
6672.0 5.3528573661076E-5
6674.0 6.4073916758477E-5
6676.0 7.4617117405286E-5
6678.0 8.5158175601502E-5
6680.0 9.5697091347126E-5
6682.0 0.00011101240794702
6684.0 0.00012632461136667
6686.0 0.00014163370160608
6688.0 0.00015693967866524
6690.0 0.00017224254254415
6692.0 0.00016735218343868
6694.0 0.00016246281472505
6696.0 0.00015757443640326
6698.0 0.00015268704847332
6700.0 0.00014780065093523
6702.0 0.00014038515245935
6704.0 0.00013297115886932
6706.0 0.00012555867016513
6708.0 0.00011814768634678
6710.0 0.00011073820741428
6712.0 0.00011253163595771
6714.0 0.00011432461029501
6716.0 0.00011611718075873
6718.0 0.00011790934734886
6720.0 0.00011970111006542
6722.0 0.00012826609796081
6724.0 0.0001368291661558
6726.0 0.0001453903146504
6728.0 0.00015394954344461
6730.0 0.00016250685253843
6732.0 0.00016926743896292
6734.0 0.00017602650755925
6736.0 0.00018278405832741
6738.0 0.00018954009126741
6740.0 0.00019629460637923
6742.0 0.00019369090880617
6744.0 0.0001910877896249
6746.0 0.00018848524883543
6748.0 0.00018588328643776
6750.0 0.00018328190243189
6752.0 0.00017391883646649
6754.0 0.00016455786471969
6756.0 0.00015519898719152
6758.0 0.00014584153921895
6760.0 0.00013648551024792
6762.0 0.00014846137598736
6764.0 0.00016043430893309
6766.0 0.00017240430908513
6768.0 0.00018437137644347
6770.0 0.00019633551100811
6772.0 0.00020137489119934
6774.0 0.00020641303237251
6776.0 0.00021144993452763
6778.0 0.00021648559766469
6780.0 0.00022152002178371
6782.0 0.00021958392945108
6784.0 0.00021764830453245
6786.0 0.00021571314702782
6788.0 0.00021377845693718
6790.0 0.00021184423426053
6792.0 0.00021591000795914
6794.0 0.00021997477918347
6796.0 0.00022403854793352
6798.0 0.0002281013142093
6800.0 0.0002321630780108
6802.0 0.00024780253173135
6804.0 0.0002634381444523
6806.0 0.00027906456673352
6808.0 0.00029468621867325
6810.0 0.00031030339413904
6812.0 0.00031841223626969
6814.0 0.00032651874733796
6816.0 0.00033462292734384
6818.0 0.00034272477628732
6820.0 0.00035082429416842
6822.0 0.00035301583972352
6824.0 0.00035520674389313
6826.0 0.00035739700667726
6828.0 0.00035958662807591
6830.0 0.00036177560808907
6832.0 0.00038222245504283
6834.0 0.00040266343288706
6836.0 0.00042309854162178
6838.0 0.00044352778124698
6840.0 0.00046395115176267
6842.0 0.00049409316328068
6844.0 0.00052422651940077
6846.0 0.00055435122012293
6848.0 0.00058446726544717
6850.0 0.00061457465537348
6852.0 0.000633076221174
6854.0 0.00065156852711795
6856.0 0.00067005512199527
6858.0 0.00068853600580597
6860.0 0.00070701117855005
6862.0 0.00073916296765115
6864.0 0.00077130483962483
6866.0 0.00080343679447109
6868.0 0.00083555883218992
6870.0 0.00086767095278133
6872.0 0.00090216249097189
6874.0 0.00093664337696882
6876.0 0.00097111361077213
6878.0 0.0010055731923818
6880.0 0.0010400221217979
6882.0 0.0010761753616979
6884.0 0.0011123174213991
6886.0 0.0011484483009013
6888.0 0.0011845680002047
6890.0 0.001220676519309
6892.0 0.0012631580171604
6894.0 0.0013056263677342
6896.0 0.0013480815710305
6898.0 0.0013905236270493
6900.0 0.0014329252728769
6902.0 0.0014891953814419
6904.0 0.0015454457479249
6906.0 0.0016016763723256
6908.0 0.0016578872546443
6910.0 0.0017140783948808
6912.0 0.0017578436945809
6914.0 0.0018015935893342
6916.0 0.0018453280791408
6918.0 0.0018890471640005
6920.0 0.0019327508439135
6922.0 0.0019719075390195
6924.0 0.0020110504147915
6926.0 0.0020501794712294
6928.0 0.0020892947083333
6930.0 0.0021283961261031
6932.0 0.0021721787687453
6934.0 0.0022159459478059
6936.0 0.0022596976632846
6938.0 0.0023034339151816
6940.0 0.0023471547034969
6942.0 0.0024021172123233
6944.0 0.0024570603117438
6946.0 0.0025119620727355
6948.0 0.0025668131353992
6950.0 0.0026216425146305
6952.0 0.0026916478882159
6954.0 0.0027616256215791
6956.0 0.00283157571472
6958.0 0.0029014981676386
6960.0 0.002971392980335
6962.0 0.0030307856298972
6964.0 0.0030901547487946
6966.0 0.0031495003370274
6968.0 0.0032088223945955
6970.0 0.003268120921499
6972.0 0.0033707891919799
6974.0 0.0034734168902332
6976.0 0.0035760040162588
6978.0 0.0036785505700568
6980.0 0.0037810565516272
6982.0 0.0038860793260255
6984.0 0.0039910605228715
6986.0 0.0040960001421653
6988.0 0.0042008981839067
6990.0 0.0043057546480959
6992.0 0.004473137117976
6994.0 0.0046403214360488
6996.0 0.0048074181007588
6998.0 0.0049744381704864
7000.0 0.0051413816452318
7002.0 0.0053415411456178
7004.0 0.0055416088756331
7006.0 0.0057415848352778
7008.0 0.0059414690245518
7010.0 0.0061412614434553
7012.0 0.0064053472546825
7014.0 0.0066693119141172
7016.0 0.0069331554217593
7018.0 0.0071968777776089
7020.0 0.0074604789816659
7022.0 0.0078168265599394
7024.0 0.0081730105589992
7026.0 0.0085290309788454
7028.0 0.0088848878194779
7030.0 0.0092405810808967
7032.0 0.0096911904284402
7034.0 0.010141592709042
7036.0 0.010591787922703
7038.0 0.011041776069423
7040.0 0.011491459169264
7042.0 0.012107464805684
7044.0 0.012723161300872
7046.0 0.013338548654828
7048.0 0.013953626867552
7050.0 0.014568395939043
7052.0 0.015392259930077
7054.0 0.016215710047309
7056.0 0.017038746290739
7058.0 0.017861368660368
7060.0 0.018683577156196
7062.0 0.019752557246733
7064.0 0.020820999679911
7066.0 0.021888904455731
7068.0 0.022956271574191
7070.0 0.024023101035293
7072.0 0.025437740911665
7074.0 0.026851668469059
7076.0 0.028264883707474
7078.0 0.02967738662691
7080.0 0.031089177227368
7082.0 0.03282641054543
7084.0 0.034562767805228
7086.0 0.036298249006763
7088.0 0.03803249494037
7090.0 0.039765792441921
7092.0 0.041966316668319
7094.0 0.044165683342696
7096.0 0.046363892465053
7098.0 0.048560944035389
7100.0 0.050756838053704
7102.0 0.053318053411444
7104.0 0.055877919092534
7106.0 0.058436435096976
7108.0 0.060993601424768
7110.0 0.06354941807591
7112.0 0.066604350765992
7114.0 0.069657671068598
7116.0 0.072709378983726
7118.0 0.075759474511378
7120.0 0.078807957651553
7122.0 0.082466163959479
7124.0 0.0861224365482
7126.0 0.089776775417718
7128.0 0.093429180568031
7130.0 0.097079651999141
7132.0 0.10121204799632
7134.0 0.10534137333246
7136.0 0.10946706501454
7138.0 0.11359039424051
7140.0 0.11771136101036
7142.0 0.12251653286428
7144.0 0.1273189516182
7146.0 0.13211861727211
7148.0 0.13691552982602
7150.0 0.14170968927992
7152.0 0.14739140209261
7154.0 0.15306985451623
7156.0 0.15874504655079
7158.0 0.16441697819628
7160.0 0.17008564945271
7162.0 0.17695959667232
7164.0 0.1838295939068
7166.0 0.19069564115615
7168.0 0.19755773842037
7170.0 0.20441588569946
7172.0 0.2124861429598
7174.0 0.22055175535469
7176.0 0.22861272288412
7178.0 0.23666904554809
7180.0 0.2447207233466
7182.0 0.25480032176695
7184.0 0.26487210665243
7186.0 0.27493721763731
7188.0 0.28499565472157
7190.0 0.29504741790522
7192.0 0.30699876664721
7194.0 0.31894218709903
7196.0 0.3308776792607
7198.0 0.3428052431322
7200.0 0.35472487871355
7202.0 0.36820002427526
7204.0 0.38166621105108
7206.0 0.39512343904101
7208.0 0.40857170824505
7210.0 0.4220110186632
7212.0 0.43713019136378
7214.0 0.45223929030297
7216.0 0.4673383154808
7218.0 0.48242726689725
7220.0 0.49750614455233
7222.0 0.51319398185121
7224.0 0.52887133602138
7226.0 0.54453820706287
7228.0 0.56019000002097
7230.0 0.5758235025617
7232.0 0.59055262733875
7234.0 0.6052712239738
7236.0 0.61997929246686
7238.0 0.63467683281793
7240.0 0.649363845027
7242.0 0.6619763570974
7244.0 0.67457979884028
7246.0 0.68717417025565
7248.0 0.69975947134351
7250.0 0.71233570210385
7252.0 0.72243188910105
7254.0 0.73252075414371
7256.0 0.74260229723184
7258.0 0.75267651836543
7260.0 0.76274341754448
7262.0 0.76908369152798
7264.0 0.77541927986711
7266.0 0.78175018256189
7268.0 0.7880763996123
7270.0 0.79439793101835
7272.0 0.79869895308059
7274.0 0.80299672088767
7276.0 0.80728360213695
7278.0 0.81156609586323
7280.0 0.81584523693084
7282.0 0.81820484136718
7284.0 0.82056249747718
7286.0 0.82291820526084
7288.0 0.82527196471818
7290.0 0.82762377584917
7292.0 0.82822555606927
7294.0 0.82882667144888
7296.0 0.82942712198799
7298.0 0.83002690768661
7300.0 0.83062602854474
7302.0 0.83076863019304
7304.0 0.830910902316
7306.0 0.8310528449136
7308.0 0.83119445798586
7310.0 0.83133574153276
7312.0 0.83090800903368
7314.0 0.83048036609158
7316.0 0.83005281270646
7318.0 0.82962534887833
7320.0 0.82919797460718
7322.0 0.82857210003202
7324.0 0.82793528722199
7326.0 0.82729871915513
7328.0 0.82666239583144
7330.0 0.82602631725092
7332.0 0.82587008150687
7334.0 0.82571371498104
7336.0 0.82555721767343
7338.0 0.82540058958403
7340.0 0.82524383071286
7342.0 0.82483215471351
7344.0 0.82442054782118
7346.0 0.82400901003587
7348.0 0.82359754135758
7350.0 0.82318614178631
7352.0 0.82307686999332
7354.0 0.82296742986605
7356.0 0.8228578214045
7358.0 0.82274804460868
7360.0 0.82263809947858
7362.0 0.8225711943518
7364.0 0.82250408685879
7366.0 0.82243677699956
7368.0 0.8223692647741
7370.0 0.8222859311639
7372.0 0.82233988535681
7374.0 0.82239350932821
7376.0 0.82244680307813
7378.0 0.82249976660654
7380.0 0.82255239991347
7382.0 0.82196977970812
7384.0 0.82138735937007
7386.0 0.82080513889929
7388.0 0.8202231182958
7390.0 0.81964129755959
7392.0 0.81931864406545
7394.0 0.81899597377806
7396.0 0.81867328669741
7398.0 0.81835058282351
7400.0 0.81802786215635
7402.0 0.81791150406973
7404.0 0.81779495616426
7406.0 0.81767821843993
7408.0 0.81756129089674
7410.0 0.81744417353469
7412.0 0.81672901439757
7414.0 0.81601416772515
7416.0 0.81528018562561
7418.0 0.81451197544758
7420.0 0.81374412697939
7422.0 0.81335472175379
7424.0 0.81296530967641
7426.0 0.81257589074725
7428.0 0.81218646496633
7430.0 0.81179703233363
7432.0 0.81156771876633
7434.0 0.81133824187191
7436.0 0.81110860165035
7438.0 0.81087879810167
7440.0 0.81064883122586
7442.0 0.81035965447858
7444.0 0.81007037224587
7446.0 0.80978098452774
7448.0 0.80949149132419
7450.0 0.80920189263521
7452.0 0.80881255818199
7454.0 0.80842321608028
7456.0 0.80803386633009
7458.0 0.8076445089314
7460.0 0.80725514388422
7462.0 0.80691352164053
7464.0 0.806571844742
7466.0 0.80623011318864
7468.0 0.80588832698045
7470.0 0.80554648611742
7472.0 0.80488036369881
7474.0 0.80421450658719
7476.0 0.80354891478257
7478.0 0.80288358828494
7480.0 0.8022185270943
7482.0 0.80211908417709
7484.0 0.80201934727105
7486.0 0.80191931637617
7488.0 0.80181899149246
7490.0 0.80171837261993
7492.0 0.8015639563614
7494.0 0.80140929917544
7496.0 0.80125440106204
7498.0 0.80109926202122
7500.0 0.80094388205296
7502.0 0.80003530093579
7504.0 0.79912722748714
7506.0 0.79821966170701
7508.0 0.79731260359539
7510.0 0.79639348380098
7512.0 0.79617398687397
7514.0 0.79595425831265
7516.0 0.79573429811702
7518.0 0.79551410628709
7520.0 0.79529368282285
7522.0 0.79477680681325
7524.0 0.79426002203245
7526.0 0.79374332848047
7528.0 0.79322672615731
7530.0 0.79271021506296
7532.0 0.79209156105139
7534.0 0.79147311000221
7536.0 0.79085486191542
7538.0 0.79023681679103
7540.0 0.78961897462903
7542.0 0.78953140531564
7544.0 0.78944345805431
7546.0 0.78935513284503
7548.0 0.78926642968779
7550.0 0.78917734858261
7552.0 0.78860639368037
7554.0 0.78803558995731
7556.0 0.78746493741343
7558.0 0.7868867892314
7560.0 0.78630733861546
7562.0 0.78578954032782
7564.0 0.78527182720263
7566.0 0.7847541992399
7568.0 0.78423665643962
7570.0 0.7837191988018
7572.0 0.78330969540279
7574.0 0.78290015545489
7576.0 0.78249057895811
7578.0 0.78208096591243
7580.0 0.78167131631787
7582.0 0.78136496137248
7584.0 0.78105845295725
7586.0 0.78075179107218
7588.0 0.78044497571726
7590.0 0.7801380068925
7592.0 0.77958947025051
7594.0 0.77904105407792
7596.0 0.77849275837473
7598.0 0.77794458314092
7600.0 0.77739652837651
7602.0 0.77704270562722
7604.0 0.77668576380348
7606.0 0.77632272794011
7608.0 0.77595958960956
7610.0 0.77559634881181
7612.0 0.77507288020522
7614.0 0.7745494956
7616.0 0.77402619499615
7618.0 0.77350297839368
7620.0 0.77297984579257
7622.0 0.77248237366185
7624.0 0.77198495566133
7626.0 0.771487591791
7628.0 0.77099028205086
7630.0 0.77049302644091
7632.0 0.77032456623163
7634.0 0.77015577508592
7636.0 0.76998665300378
7638.0 0.7698171999852
7640.0 0.7696474160302
7642.0 0.76923921089756
7644.0 0.76883095453132
7646.0 0.76842264693149
7648.0 0.76801428809807
7650.0 0.76760587803105
7652.0 0.76668478131031
7654.0 0.76575812326112
7656.0 0.76483202402765
7658.0 0.76390648360991
7660.0 0.76298150200788
7662.0 0.76262666821362
7664.0 0.7622716663251
7666.0 0.7619164963423
7668.0 0.76156115826524
7670.0 0.7612056520939
7672.0 0.76082555097303
7674.0 0.76044531303124
7676.0 0.76006493826853
7678.0 0.75968442668491
7680.0 0.75930377828036
7682.0 0.75904336680153
7684.0 0.75878266389414
7686.0 0.75852166955819
7688.0 0.75826038379369
7690.0 0.75799880660064
7692.0 0.75718690803335
7694.0 0.75637542676985
7696.0 0.75556436281016
7698.0 0.75473926305759
7700.0 0.75388389331103
7702.0 0.75346044980847
7704.0 0.75303685274313
7706.0 0.75261310211501
7708.0 0.7521891979241
7710.0 0.75176514017042
7712.0 0.75125716915402
7714.0 0.75074916332437
7716.0 0.75024112268146
7718.0 0.74973304722529
7720.0 0.74922493695585
7722.0 0.74834631299751
7724.0 0.7474681813371
7726.0 0.74659054197462
7728.0 0.74571339491007
7730.0 0.74483674014345
7732.0 0.74454288892001
7734.0 0.74424869853425
7736.0 0.74395416898619
7738.0 0.74365930027583
7740.0 0.74336409240316
7742.0 0.74259115389614
7744.0 0.74181856031805
7746.0 0.74104631166887
7748.0 0.74027440794861
7750.0 0.73950284915727
7752.0 0.7393057794376
7754.0 0.73910822895322
7756.0 0.73891019770414
7758.0 0.73871168569035
7760.0 0.73851269291186
7762.0 0.73827459731585
7764.0 0.73803607669907
7766.0 0.73779713106152
7768.0 0.73755776040319
7770.0 0.73731796472409
7772.0 0.73650684368998
7774.0 0.73569612461018
7776.0 0.73488580748471
7778.0 0.73407589231356
7780.0 0.73326637909673
7782.0 0.73277738324782
7784.0 0.73228832396617
7786.0 0.73179920125176
7788.0 0.73131001510461
7790.0 0.73082076552471
7792.0 0.73009969761917
7794.0 0.72936023516891
7796.0 0.72862104853725
7798.0 0.72788213772419
7800.0 0.72714350272973
7802.0 0.72700924528993
7804.0 0.72687433387503
7806.0 0.72673876848501
7808.0 0.72660254911989
7810.0 0.72646567577966
7812.0 0.72543397980346
7814.0 0.72440301141384
7816.0 0.7233727706108
7818.0 0.72234325739435
7820.0 0.72131447176448
7822.0 0.72119535948162
7824.0 0.72107556494607
7826.0 0.72095508815783
7828.0 0.7208339291169
7830.0 0.72071208782329
7832.0 0.71977393575786
7834.0 0.7188363714621
7836.0 0.71789939493601
7838.0 0.71696300617958
7840.0 0.71602730093126
7842.0 0.71568098063472
7844.0 0.71533432781073
7846.0 0.71498734245929
7848.0 0.7146400245804
7850.0 0.71429237417406
7852.0 0.71352809646751
7854.0 0.71276413939639
7856.0 0.71200050296072
7858.0 0.71123718716049
7860.0 0.7104741919957
7862.0 0.70994783626915
7864.0 0.70942142893578
7866.0 0.70889496999558
7868.0 0.70836845944855
7870.0 0.7078418972947
7872.0 0.70765396444213
7874.0 0.70746544439366
7876.0 0.70727633714927
7878.0 0.70708664270898
7880.0 0.70689636107278
7882.0 0.705996607805
7884.0 0.70509739281884
7886.0 0.70419868097861
7888.0 0.70330042352579
7890.0 0.70240270446909
7892.0 0.70199031373605
7894.0 0.70157768847865
7896.0 0.70116482869689
7898.0 0.70075173439076
7900.0 0.70033840556028
7902.0 0.69972687618673
7904.0 0.69911542917725
7906.0 0.69850406453182
7908.0 0.69789278225045
7910.0 0.69728158233313
7912.0 0.69640388915685
7914.0 0.69552670677238
7916.0 0.69465003517972
7918.0 0.69377387437888
7920.0 0.69289822436985
7922.0 0.69273211721888
7924.0 0.69256537673991
7926.0 0.69239800293296
7928.0 0.69222999579802
7930.0 0.6920613553351
7932.0 0.69170411075418
7934.0 0.69129660082578
7936.0 0.69087545465254
7938.0 0.69045394261787
7940.0 0.69003206472175
7942.0 0.68926617991025
7944.0 0.68850055157636
7946.0 0.68773517972008
7948.0 0.68697006434141
7950.0 0.68620520544035
7952.0 0.68566847678997
7954.0 0.68513159005748
7956.0 0.68459454524288
7958.0 0.68405734234617
7960.0 0.68351998136735
7962.0 0.68265819418114
7964.0 0.68179684153343
7966.0 0.68093592342423
7968.0 0.68007543985352
7970.0 0.67921539082132
7972.0 0.67835577632762
7974.0 0.67749659637242
7976.0 0.67663785095572
7978.0 0.67577954007752
7980.0 0.67492166373782
7982.0 0.67441355483057
7984.0 0.67390523614612
7986.0 0.67339670768445
7988.0 0.67288796944558
7990.0 0.6723790214295
7992.0 0.67200248322962
7994.0 0.67162548951352
7996.0 0.6712480402812
7998.0 0.67087013553266
8000.0 0.6704917752679
8002.0 0.66999074731314
8004.0 0.66948949135054
8006.0 0.66898800738009
8008.0 0.66848629540179
8010.0 0.66798435541565
8012.0 0.66710230215157
8014.0 0.66622073137506
8016.0 0.66533964308614
8018.0 0.66445903728479
8020.0 0.66357891397102
8022.0 0.66295590883547
8024.0 0.66233290394966
8026.0 0.66170989931358
8028.0 0.66110270724731
8030.0 0.6604999753087
8032.0 0.65989724361168
8034.0 0.65929451215628
8036.0 0.65869178094248
8038.0 0.65808904997029
8040.0 0.65748631923971
8042.0 0.65709389120119
8044.0 0.6567010775582
8046.0 0.65630787831073
8048.0 0.65591429345879
8050.0 0.65552032300237
8052.0 0.65466272341625
8054.0 0.65380559206413
8056.0 0.65294892894602
8058.0 0.65209273406191
8060.0 0.65123700741181
8062.0 0.65087965269497
8064.0 0.65052184424054
8066.0 0.65016358204851
8068.0 0.64980486611888
8070.0 0.6494348138467
8072.0 0.64883487759883
8074.0 0.64823483921596
8076.0 0.64763469869809
8078.0 0.64703445604522
8080.0 0.64643411125736
8082.0 0.64536501650429
8084.0 0.6442967646255
8086.0 0.64322935562099
8088.0 0.64216278949077
8090.0 0.64109706623483
8092.0 0.64070146661089
8094.0 0.64030535344594
8096.0 0.63990872673996
8098.0 0.63951158649296
8100.0 0.63911393270494
8102.0 0.63849230987456
8104.0 0.63787062868133
8106.0 0.63724888912525
8108.0 0.63662709120631
8110.0 0.63596230334015
8112.0 0.63526745036192
8114.0 0.63457254622294
8116.0 0.63387759092322
8118.0 0.63318258446274
8120.0 0.63248752684152
8122.0 0.63174459494601
8124.0 0.63100172053449
8126.0 0.63025890360696
8128.0 0.62951614416341
8130.0 0.62877344220385
8132.0 0.62803079772828
8134.0 0.6272882107367
8136.0 0.6265456812291
8138.0 0.62580320920549
8140.0 0.62506079466587
8142.0 0.62420699215558
8144.0 0.62335350322044
8146.0 0.62250032786045
8148.0 0.62164746607562
8150.0 0.62079491786593
8152.0 0.62009173795588
8154.0 0.61941645714135
8156.0 0.6187411532231
8158.0 0.61806582620113
8160.0 0.61739047607543
8162.0 0.61666847793617
8164.0 0.6159465603849
8166.0 0.61522472342161
8168.0 0.6145029670463
8170.0 0.61378129125898
8172.0 0.61317702459881
8174.0 0.61257257613434
8176.0 0.61196794586559
8178.0 0.61136313379254
8180.0 0.61075813991519
8182.0 0.61021839381299
8184.0 0.60967831875779
8186.0 0.60913791474959
8188.0 0.60859718178839
8190.0 0.60805611987419
8192.0 0.60716485511362
8194.0 0.60627405270254
8196.0 0.60538371264096
8198.0 0.60449383492887
8200.0 0.60362575873432
8202.0 0.60274259983184
8204.0 0.60185994428563
8206.0 0.60097779209569
8208.0 0.60009614326203
8210.0 0.59921499778464
8212.0 0.59875907582147
8214.0 0.59830273726064
8216.0 0.59784598210215
8218.0 0.597388810346
8220.0 0.59693122199218
8222.0 0.59660493177327
8224.0 0.59627793810616
8226.0 0.59595024099083
8228.0 0.59562184042729
8230.0 0.59529273641555
8232.0 0.59419966860704
8234.0 0.59310756869116
8236.0 0.59201643666791
8238.0 0.59092627253728
8240.0 0.58983707629929
8242.0 0.58958394150204
8244.0 0.58925425672646
8246.0 0.58892358768598
8248.0 0.58859193438062
8250.0 0.58825929681037
8252.0 0.58740236293221
8254.0 0.58654574487189
8256.0 0.58568944262943
8258.0 0.58483345620482
8260.0 0.58397778559807
8262.0 0.58306656798721
8264.0 0.58215580584354
8266.0 0.58124549916707
8268.0 0.58033564795778
8270.0 0.57942625221568
8272.0 0.57902436802473
8274.0 0.57862166375912
8276.0 0.57821813941884
8278.0 0.5778137950039
8280.0 0.5774086305143
8282.0 0.57647223509662
8284.0 0.57553636234142
8286.0 0.5746222212256
8288.0 0.5737302172555
8290.0 0.57283870523503
8292.0 0.57229822877233
8294.0 0.5717574039026
8296.0 0.57121623062584
8298.0 0.57067470894204
8300.0 0.5701328388512
8302.0 0.56935779311936
8304.0 0.56858296050152
8306.0 0.5678083409977
8308.0 0.56703393460788
8310.0 0.56625974133208
8312.0 0.56540914890799
8314.0 0.56455895548833
8316.0 0.5637091610731
8318.0 0.56285976566229
8320.0 0.56201076925591
8322.0 0.5616261536614
8324.0 0.56124080440473
8326.0 0.5608547214859
8328.0 0.56046790490489
8330.0 0.56008035466171
8332.0 0.55896121663637
8334.0 0.5577854528361
8336.0 0.55660996194442
8338.0 0.55543562312666
8340.0 0.5542624363828
8342.0 0.55373764876724
8344.0 0.55321227616079
8346.0 0.55268631856344
8348.0 0.55215977597519
8350.0 0.55163264839605
8352.0 0.55086213447645
8354.0 0.55009169159146
8356.0 0.54932131974107
8358.0 0.5485510189253
8360.0 0.54778078914413
8362.0 0.54703795030666
8364.0 0.54629510818607
8366.0 0.54555226278237
8368.0 0.54480941409556
8370.0 0.54406656212564
8372.0 0.54331782236578
8374.0 0.54256909543991
8376.0 0.54183341969053
8378.0 0.54111435066122
8380.0 0.54039529395475
8382.0 0.5392825565699
8384.0 0.53817087379142
8386.0 0.53706024561931
8388.0 0.53595067205355
8390.0 0.53484215309417
8392.0 0.53438159034996
8394.0 0.53392035815997
8396.0 0.5334584565242
8398.0 0.53299588544265
8400.0 0.53253264491532
8402.0 0.53173056263158
8404.0 0.53092871820743
8406.0 0.53012711164286
8408.0 0.52932574293788
8410.0 0.52852461209249
8412.0 0.52783427249178
8414.0 0.52714387213657
8416.0 0.52645341102687
8418.0 0.52576288916267
8420.0 0.52507230654397
8422.0 0.52413148902335
8424.0 0.52319129108397
8426.0 0.52225171272583
8428.0 0.52131275394893
8430.0 0.52037441475327
8432.0 0.51996368044053
8434.0 0.51955212278972
8436.0 0.51913974180084
8438.0 0.51872653747389
8440.0 0.51831250980888
8442.0 0.51765691531903
8444.0 0.51700116120534
8446.0 0.5163452474678
8448.0 0.51568917410642
8450.0 0.51503294112119
8452.0 0.51445438507849
8454.0 0.51386570535291
8456.0 0.51324889325075
8458.0 0.51263168572424
8460.0 0.51201408277338
8462.0 0.510937677782
8464.0 0.50986222651433
8466.0 0.50878772897036
8468.0 0.5077141851501
8470.0 0.50664159505355
8472.0 0.50625449301497
8474.0 0.50586631509642
8476.0 0.50547706129789
8478.0 0.50508673161939
8480.0 0.50469532606093
8482.0 0.50347535504546
8484.0 0.5022567799292
8486.0 0.50103960071217
8488.0 0.49982381739435
8490.0 0.49860942997574
8492.0 0.49793412348899
8494.0 0.497258594708
8496.0 0.49658284363277
8498.0 0.49591820711252
8500.0 0.49525787121389
8502.0 0.49490459751699
8504.0 0.49455019422968
8506.0 0.49419466135196
8508.0 0.49383799888384
8510.0 0.49348020682531
8512.0 0.49278656542312
8514.0 0.49209279529606
8516.0 0.4913988964441
8518.0 0.49070486886726
8520.0 0.49001071256553
8522.0 0.48898910991392
8524.0 0.48796836464091
8526.0 0.48694847674651
8528.0 0.48592944623071
8530.0 0.48491127309352
8532.0 0.48417883535314
8534.0 0.48344639023174
8536.0 0.48271393772932
8538.0 0.48198147784589
8540.0 0.4812531945764
8542.0 0.48066094715847
8544.0 0.48006835340093
8546.0 0.47947541330375
8548.0 0.47888212686694
8550.0 0.4782884940905
8552.0 0.4776572423998
8554.0 0.47702575525515
8556.0 0.47639403265657
8558.0 0.47576207460405
8560.0 0.4751298810976
8562.0 0.47429174271672
8564.0 0.47345398545196
8566.0 0.47261660930332
8568.0 0.47177961427079
8570.0 0.47094300035438
8572.0 0.47031433362981
8574.0 0.46968542118939
8576.0 0.46905626303311
8578.0 0.46842685916098
8580.0 0.467797209573
8582.0 0.46695681870594
8584.0 0.46608280825436
8586.0 0.46518836977755
8588.0 0.46429435659482
8590.0 0.46340076870617
8592.0 0.46260748972902
8594.0 0.46181430594405
8596.0 0.46102121735126
8598.0 0.46022822395065
8600.0 0.45943532574221
8602.0 0.45874213397248
8604.0 0.45804870545059
8606.0 0.45735504017654
8608.0 0.45666113815034
8610.0 0.45596699937197
8612.0 0.45525553584966
8614.0 0.45454389299757
8616.0 0.4538320708157
8618.0 0.45312006930405
8620.0 0.45240788846262
8622.0 0.45151675090147
8624.0 0.45062603986269
8626.0 0.44973840713815
8628.0 0.44888642057983
8630.0 0.44803483941252
8632.0 0.4472613991362
8634.0 0.44648811179358
8636.0 0.44571497738463
8638.0 0.44494199590938
8640.0 0.4441691673678
8642.0 0.44308745036733
8644.0 0.44200689817285
8646.0 0.44092751078437
8648.0 0.43984928820187
8650.0 0.43877223042536
8652.0 0.43712698775074
8654.0 0.43548478944879
8656.0 0.43384563551949
8658.0 0.43220952596286
8660.0 0.43057646077889
8662.0 0.42816829156099
8664.0 0.42576575695709
8666.0 0.42336282833596
8668.0 0.42095920634937
8670.0 0.41856131804317
8672.0 0.41507519605319
8674.0 0.4115985447632
8676.0 0.40813136417322
8678.0 0.40467365428324
8680.0 0.40122541509325
8682.0 0.39653729811156
8684.0 0.39186295639651
8686.0 0.38720238994811
8688.0 0.38255559876636
8690.0 0.37792258285125
8692.0 0.3714563998505
8694.0 0.36501041095171
8696.0 0.35858461615487
8698.0 0.35217901545999
8700.0 0.34579360886705
8702.0 0.33792533920357
8704.0 0.33008253312775
8706.0 0.32228297779869
8708.0 0.31451012699306
8710.0 0.30676184708284
8712.0 0.29797313867873
8714.0 0.28921263497675
8716.0 0.2804803359769
8718.0 0.27177624167917
8720.0 0.26310035208357
8722.0 0.25390505707956
8724.0 0.24473985131339
8726.0 0.23560473478507
8728.0 0.2264997074946
8730.0 0.21742476944198
8732.0 0.20880864223898
8734.0 0.20022111607524
8736.0 0.19166219095074
8738.0 0.18313186686549
8740.0 0.17463014381948
8742.0 0.16687959736573
8744.0 0.15915357517312
8746.0 0.15145040866411
8748.0 0.14377378659246
8750.0 0.13612370895817
8752.0 0.12963154691942
8754.0 0.12316185951916
8756.0 0.11671464675739
8758.0 0.11028990863412
8760.0 0.10388764514934
8762.0 0.098696816714083
8764.0 0.0935241471448
8766.0 0.088369636441496
8768.0 0.083233284604172
8770.0 0.078115091632827
8772.0 0.074093660274846
8774.0 0.070086436739938
8776.0 0.066093421028103
8778.0 0.062114613139341
8780.0 0.058150013073651
8782.0 0.055177108524734
8784.0 0.052214336580621
8786.0 0.049262035408889
8788.0 0.046320399031538
8790.0 0.043389427448566
8792.0 0.041156154368829
8794.0 0.038930965184433
8796.0 0.036713859895378
8798.0 0.034504838501664
8800.0 0.032303901003292
8802.0 0.030659355973098
8804.0 0.029020815544071
8806.0 0.027388279716208
8808.0 0.025761748489511
8810.0 0.024141221863979
8812.0 0.022940885822808
8814.0 0.021744968674627
8816.0 0.020553470419435
8818.0 0.019366391057232
8820.0 0.018183730588018
8822.0 0.017296591792083
8824.0 0.016412746634076
8826.0 0.015532142667626
8828.0 0.014654596002041
8830.0 0.013780376691692
8832.0 0.01312838407026
8834.0 0.012478855592606
8836.0 0.011831791258731
8838.0 0.011187191068635
8840.0 0.010545055022318
8842.0 0.010054389972978
8844.0 0.0095655956206679
8846.0 0.0090786719653883
8848.0 0.0085936190071391
8850.0 0.0081104367459201
8852.0 0.0077499527536626
8854.0 0.0073908534012456
8856.0 0.0070331386886692
8858.0 0.0066768086159333
8860.0 0.006321863183038
8862.0 0.0060398215675902
8864.0 0.005758873966579
8866.0 0.0054790203800044
8868.0 0.0052002608078665
8870.0 0.0049225952501651
8872.0 0.0047133034344904
8874.0 0.0045052208465298
8876.0 0.0042981100008941
8878.0 0.0040917650158821
8880.0 0.0038861858914935
8882.0 0.0037184465608893
8884.0 0.0035513291696912
8886.0 0.003384833717899
8888.0 0.0032189602055129
8890.0 0.0030537086325328
8892.0 0.0029337007987761
8894.0 0.002814139984749
8896.0 0.0026950261904515
8898.0 0.0025763594158837
8900.0 0.0024581396610455
8902.0 0.0023661549058564
8904.0 0.0022745150797309
8906.0 0.0021832201826688
8908.0 0.0020922702146703
8910.0 0.0020016651757352
8912.0 0.0019194433865163
8914.0 0.0018375343857804
8916.0 0.0017559081610673
8918.0 0.0016743766713305
8920.0 0.0015931811305231
8922.0 0.0015398107163807
8924.0 0.0014866569518255
8926.0 0.0014337198368575
8928.0 0.0013809993714768
8930.0 0.0013284955556833
8932.0 0.0012759560106325
8934.0 0.001223634222473
8936.0 0.001171530191205
8938.0 0.0011196439168284
8940.0 0.0010679753993433
8942.0 0.0010349339239362
8944.0 0.0010020285394976
8946.0 0.00096925924602768
8948.0 0.00093662604352636
8950.0 0.00090412893199365
8952.0 0.00086990761186882
8954.0 0.00083583072778679
8956.0 0.00080189827974758
8958.0 0.00076811026775118
8960.0 0.00073455270303068
8962.0 0.00070990207071573
8964.0 0.00068534685513703
8966.0 0.00066088705629458
8968.0 0.00063652267418838
8970.0 0.00061225370881842
8972.0 0.00058751807966781
8974.0 0.00056288020918465
8976.0 0.00053834009736896
8978.0 0.00051389774422072
8980.0 0.00048955314973995
8982.0 0.00047462744476373
8984.0 0.0004597602527896
8986.0 0.00044495157381759
8988.0 0.00043020140784767
8990.0 0.00041550975487986
8992.0 0.00040522346055431
8994.0 0.00039497718258759
8996.0 0.00038477092097969
8998.0 0.00037460467573061
9000.0 0.00036447844684037
9002.0 0.00035073015892727
9004.0 0.00033703763774236
9006.0 0.00032339998865056
9008.0 0.00030980472129341
9010.0 0.00029626641114765
9012.0 0.00028673675972414
9014.0 0.00027724651548464
9016.0 0.00026779567842914
9018.0 0.00025838424855765
9020.0 0.00024901222587018
9022.0 0.00024405832619254
9024.0 0.00023912416890987
9026.0 0.00023420975402218
9028.0 0.00022931508152945
9030.0 0.0002244401514317
9032.0 0.00021609202979573
9034.0 0.00020777951542471
9036.0 0.00019950260831863
9038.0 0.00019126130847749
9040.0 0.00018305561590129
9042.0 0.00017726734695999
9044.0 0.0001715037428471
9046.0 0.00016576480356264
9048.0 0.0001600505291066
9050.0 0.00015436158308428
9052.0 0.00015207572989591
9054.0 0.00014979881068008
9056.0 0.00014753082543679
9058.0 0.00014527177416605
9060.0 0.00014302165686786
9062.0 0.00013569982075686
9064.0 0.00012841072137247
9066.0 0.00012115435871467
9068.0 0.00011393073278347
9070.0 0.00010673984357887
9072.0 0.00010435000287639
9074.0 0.00010197029470723
9076.0 9.9600719071377E-5
9078.0 9.7241275968838E-5
9080.0 9.4891965399612E-5
9082.0 9.4238328497954E-5
9084.0 9.3586737986916E-5
9086.0 9.2937193866498E-5
9088.0 9.22896961367E-5
9090.0 9.1652300338168E-5
9092.0 8.96317762938E-5
9094.0 8.7619681793862E-5
9096.0 8.5616016838356E-5
9098.0 8.3620781427282E-5
9100.0 8.1633975560638E-5
9102.0 7.8836430361886E-5
9104.0 7.6051180570403E-5
9106.0 7.3278226186189E-5
9108.0 7.0517567209244E-5
9110.0 6.7769203639569E-5
9112.0 6.4515319463077E-5
9114.0 6.1276203572485E-5
9116.0 5.8051855967793E-5
9118.0 5.4842276649001E-5
9120.0 5.1647465616108E-5
9122.0 5.1134286694713E-5
9124.0 5.0622986312021E-5
9126.0 5.011356446803E-5
9128.0 4.9606021162742E-5
9130.0 4.9100356396156E-5
9132.0 5.0046518393316E-5
9134.0 5.0988908668336E-5
9136.0 5.192618220684E-5
9138.0 5.2858339008827E-5
9140.0 5.3785379074297E-5
9142.0 4.7412030929287E-5
9144.0 4.1069036703399E-5
9146.0 3.4756396396631E-5
9148.0 2.8474110008986E-5
9150.0 2.2222177540461E-5
9152.0 2.2916601055869E-5
9154.0 2.3607338124143E-5
9156.0 2.4294388745284E-5
9158.0 2.497775291929E-5
9160.0 2.5657430646162E-5
9162.0 2.657390979737E-5
9164.0 2.7485504080468E-5
9166.0 2.8392213495456E-5
9168.0 2.9294038042333E-5
9170.0 3.01909777211E-5
9172.0 3.0089697184342E-5
9174.0 2.998854430547E-5
9176.0 2.9887519084486E-5
9178.0 2.9786621521387E-5
9180.0 2.9685837613386E-5
9182.0 2.6939967783291E-5
9184.0 2.4207747223614E-5
9186.0 2.1489175934354E-5
9188.0 1.8784253915512E-5
9190.0 1.6092981167088E-5
9192.0 1.6310602944935E-5
9194.0 1.6526882726931E-5
9196.0 1.6741820513077E-5
9198.0 1.6955416303372E-5
9200.0 1.7167670097816E-5
9202.0 1.6933499450242E-5
9204.0 1.6700321619016E-5
9206.0 1.6468136604138E-5
9208.0 1.6236944405607E-5
9210.0 1.6006745023424E-5
9212.0 1.391466727505E-5
9214.0 1.1833484448328E-5
9216.0 9.7631965432584E-6
9218.0 7.7038035598417E-6
9220.0 5.6553054980775E-6
9222.0 6.8518189464619E-6
9224.0 8.0418048227966E-6
9226.0 9.225769236625E-6
9228.0 1.0404333831946E-5
9230.0 1.1576733143273E-5
9232.0 1.1397531371177E-5
9234.0 1.121909995193E-5
9236.0 1.1041438885534E-5
9238.0 1.0864548171989E-5
9240.0 1.0688427811294E-5
9242.0 9.9319765826817E-6
9244.0 9.1793303556888E-6
9246.0 8.4304891303149E-6
9248.0 7.68545290656E-6
9250.0 6.944221684424E-6
9252.0 6.204934913708E-6
9254.0 5.4694629893759E-6
9256.0 4.7378059114275E-6
9258.0 4.009963679863E-6
9260.0 3.2859362946824E-6
9262.0 4.5535859359823E-6
9264.0 5.8143910045122E-6
9266.0 7.0683515002721E-6
9268.0 8.3154674232621E-6
9270.0 9.5557387734821E-6
9272.0 1.0298748934981E-5
9274.0 1.1037200002437E-5
9276.0 1.1771353011987E-5
9278.0 1.250126552513E-5
9280.0 1.3226937541864E-5
9282.0 1.1196476827656E-5
9284.0 9.1771642736162E-6
9286.0 7.1689998797443E-6
9288.0 5.1719836460404E-6
9290.0 3.1861155725047E-6
9292.0 2.9657396453246E-6
9294.0 2.7465624450443E-6
9296.0 2.5285839716638E-6
9298.0 2.3118042251831E-6
9300.0 2.0962232056022E-6
9302.0 2.5768414438523E-6
9304.0 3.0546601553218E-6
9306.0 3.5296793400107E-6
9308.0 4.0018989979191E-6
9310.0 4.4713191290469E-6
9312.0 4.6833626481009E-6
9314.0 4.8940925622605E-6
9316.0 5.1035088715258E-6
9318.0 5.3116115758967E-6
9320.0 5.5187368423904E-6
9322.0 6.2219919826832E-6
9324.0 6.9212389377588E-6
9326.0 7.6164777076171E-6
9328.0 8.3077082922582E-6
9330.0 8.9949306916821E-6
9332.0 8.5358460291818E-6
9334.0 8.0792147335722E-6
9336.0 7.6250368048531E-6
9338.0 7.1733122430246E-6
9340.0 6.7240410480868E-6
9342.0 5.9541790783603E-6
9344.0 5.1886240259653E-6
9346.0 4.4273758909017E-6
9348.0 3.6704346731696E-6
9350.0 2.9178003727689E-6
9352.0 3.6827298990728E-6
9354.0 4.4431572736715E-6
9356.0 5.1990824965649E-6
9358.0 5.950505567753E-6
9360.0 6.6974264872358E-6
9362.0 7.7635764791799E-6
9364.0 8.8233119634435E-6
9366.0 9.8766329400267E-6
9368.0 1.0923956370067E-5
9370.0 1.1965031475024E-5
9372.0 9.543851113506E-6
9374.0 7.1367577852449E-6
9376.0 4.7437514902402E-6
9378.0 2.3648322284919E-6
9380.0 0
9382.0 1.702850285317E-6
9384.0 3.3954961007286E-6
9386.0 5.0779374462348E-6
9388.0 6.7501743218357E-6
9390.0 8.4122067275313E-6
9392.0 8.0870211191684E-6
9394.0 7.7636586476536E-6
9396.0 7.4421193129868E-6
9398.0 7.122403115168E-6
9400.0 6.8045100541972E-6
9402.0 6.8473049052279E-6
9404.0 6.889705940167E-6
9406.0 6.9317131590143E-6
9408.0 6.97332656177E-6
9410.0 7.014546148434E-6
9412.0 6.2161850863584E-6
9414.0 5.4229674531716E-6
9416.0 4.6349961245803E-6
9418.0 3.8516684213885E-6
9420.0 3.072984343596E-6
9422.0 3.8440581894821E-6
9424.0 4.6103934618508E-6
9426.0 5.3719901607022E-6
9428.0 6.1288482860361E-6
9430.0 6.8809678378526E-6
9432.0 5.589204261475E-6
9434.0 4.3052750088811E-6
9436.0 3.0291800800709E-6
9438.0 1.7609194750443E-6
9440.0 5.0049319380145E-7
9442.0 5.1902924524344E-7
9444.0 5.3743943522666E-7
9446.0 5.5572376375113E-7
9448.0 5.7388223081685E-7
9450.0 5.9191483642381E-7
9452.0 6.8374986552467E-7
9454.0 7.7498870876827E-7
9456.0 8.656313661546E-7
9458.0 9.5567783768366E-7
9460.0 1.0451281233555E-6
9462.0 8.7439643303581E-7
9464.0 7.0474659769957E-7
9466.0 5.3617849918167E-7
9468.0 3.6869213748212E-7
9470.0 2.0228751260091E-7
9472.0 6.4856113962196E-7
9474.0 1.0918986238504E-6
9476.0 1.5322999652861E-6
9478.0 1.9697651639292E-6
9480.0 2.4042942197797E-6
9482.0 2.3516709732096E-6
9484.0 2.2993457561712E-6
9486.0 2.2473185686643E-6
9488.0 2.195589410689E-6
9490.0 2.1441582822453E-6
9492.0 1.784596472311E-6
9494.0 1.427427729134E-6
9496.0 1.0726520527142E-6
9498.0 7.2026944305182E-7
9500.0 3.7027990014673E-7
9502.0 6.1341090250705E-7
9504.0 8.5485307085506E-7
9506.0 1.0946064051908E-6
9508.0 1.3327696436126E-6
9510.0 1.5695221797037E-6
9512.0 1.7104561529715E-6
9514.0 1.8504306127834E-6
9516.0 1.9894455591395E-6
9518.0 2.1275009920398E-6
9520.0 2.2645969114842E-6
9522.0 2.5620181040519E-6
9524.0 2.8574026519296E-6
9526.0 3.150750555117E-6
9528.0 3.4420618136143E-6
9530.0 3.7313364274213E-6
9532.0 3.7092896958748E-6
9534.0 3.6873069318919E-6
9536.0 3.6653881354728E-6
9538.0 3.6435333066174E-6
9540.0 3.6217424453258E-6
9542.0 3.1469523699341E-6
9544.0 2.6753565457891E-6
9546.0 2.2069549728907E-6
9548.0 1.7417476512388E-6
9550.0 1.2797345808336E-6
9552.0 1.3436368812827E-6
9554.0 1.407058393269E-6
9556.0 1.4702234360109E-6
9558.0 1.5329799298774E-6
9560.0 1.5952809086694E-6
9562.0 1.6011482222487E-6
9564.0 1.6069392908155E-6
9566.0 1.6126541143698E-6
9568.0 1.6182926929117E-6
9570.0 1.6238550264411E-6
9572.0 2.1821938017708E-6
9574.0 2.7366460364646E-6
9576.0 3.2872117305222E-6
9578.0 3.8338908839438E-6
9580.0 4.3766834967294E-6
9582.0 4.3321194295003E-6
9584.0 4.2877606373047E-6
9586.0 4.2436071201428E-6
9588.0 4.1996588780144E-6
9590.0 4.1559159109197E-6
9592.0 3.8842322943624E-6
9594.0 3.6143824681053E-6
9596.0 3.3463664321482E-6
9598.0 3.0801841864913E-6
9600.0 2.8158357311344E-6
9602.0 2.6901836695998E-6
9604.0 2.5652566534035E-6
9606.0 2.4411838434796E-6
9608.0 2.3179652398284E-6
9610.0 2.1956008424496E-6
9612.0 2.5992136535739E-6
9614.0 2.9997202600707E-6
9616.0 3.39712066194E-6
9618.0 3.7914148591819E-6
9620.0 4.1826028517963E-6
9622.0 3.6702766030653E-6
9624.0 3.1617654107871E-6
9626.0 2.6570692749616E-6
9628.0 2.1561881955888E-6
9630.0 1.6591221726687E-6
9632.0 1.4229776914216E-6
9634.0 1.188633215933E-6
9636.0 9.5608874620281E-7
9638.0 7.2534428223113E-7
9640.0 4.9639982401792E-7
9642.0 6.0949851453759E-7
9644.0 7.216772906099E-7
9646.0 8.3293615223485E-7
9648.0 9.4327509941243E-7
9650.0 1.0530092684533E-6
9652.0 1.0952885836119E-6
9654.0 1.1372258107876E-6
9656.0 1.1788209499803E-6
9658.0 1.2200740011901E-6
9660.0 1.260984964417E-6
9662.0 1.2830937833608E-6
9664.0 1.3049998834998E-6
9666.0 1.3267032648342E-6
9668.0 1.3482039273639E-6
9670.0 1.3695018710888E-6
9672.0 1.4070622172406E-6
9674.0 1.4442931453348E-6
9676.0 1.4811946553713E-6
9678.0 1.5177667473502E-6
9680.0 1.5540094212714E-6
9682.0 1.3917590701039E-6
9684.0 1.2307340817111E-6
9686.0 1.0709344560932E-6
9688.0 9.1236019325001E-7
9690.0 7.5501129318167E-7
9692.0 7.719048001685E-7
9694.0 7.8863902809451E-7
9696.0 8.0525269937849E-7
9698.0 8.2180155819167E-7
9700.0 8.3819746760475E-7
9702.0 1.2285491744101E-6
9704.0 1.6158158222931E-6
9706.0 1.9999974112536E-6
9708.0 2.3810939412916E-6
9710.0 2.7591054124072E-6
9712.0 2.2234993735822E-6
9714.0 1.6920872768304E-6
9716.0 1.1648691221518E-6
9718.0 6.4184490954628E-7
9720.0 1.2301463901396E-7
9722.0 3.7265850644159E-7
9724.0 6.2026188982699E-7
9726.0 8.6582478917016E-7
9728.0 1.1093472044711E-6
9730.0 1.3508291357298E-6
9732.0 1.8649517861432E-6
9734.0 2.3747466637584E-6
9736.0 2.8802137685753E-6
9738.0 3.3813531005939E-6
9740.0 3.8781646598143E-6
9742.0 3.6698322890167E-6
9744.0 3.4643548169694E-6
9746.0 3.260672358126E-6
9748.0 3.0584521841716E-6
9750.0 2.8576942951063E-6
9752.0 3.1455345644659E-6
9754.0 3.4310529309826E-6
9756.0 3.7142493946562E-6
9758.0 3.9951239554868E-6
9760.0 4.2736766134743E-6
9762.0 4.1667841740522E-6
9764.0 4.0606049683673E-6
9766.0 3.9551389964195E-6
9768.0 3.8503862582089E-6
9770.0 3.7463467537355E-6
9772.0 3.0751894488109E-6
9774.0 2.409334678548E-6
9776.0 1.7487824429467E-6
9778.0 1.0935327420071E-6
9780.0 4.4358557572922E-7
9782.0 4.8669506673875E-7
9784.0 5.2943392536957E-7
9786.0 5.7180215162169E-7
9788.0 6.1379974549512E-7
9790.0 6.5535268018703E-7
9792.0 7.1647489170692E-7
9794.0 7.7700654223614E-7
9796.0 8.369476317747E-7
9798.0 8.9629816032259E-7
9800.0 9.5505812787983E-7
9802.0 9.4985567689282E-7
9804.0 9.4466003352529E-7
9806.0 9.3947119777726E-7
9808.0 9.3428916964872E-7
9810.0 9.2911394913966E-7
9812.0 1.274413715236E-6
9814.0 1.6163369020659E-6
9816.0 1.9548835096292E-6
9818.0 2.2900535379261E-6
9820.0 2.6218469869564E-6
9822.0 2.1279266221805E-6
9824.0 1.6387647834273E-6
9826.0 1.1543614706968E-6
9828.0 6.7471668398914E-7
9830.0 1.9983042330421E-7
9832.0 7.0669911572923E-7
9834.0 1.208416142106E-6
9836.0 1.7049815024346E-6
9838.0 2.1969629046166E-6
9840.0 2.6842420840273E-6
9842.0 2.1788957750319E-6
9844.0 1.6783415003386E-6
9846.0 1.1825792599476E-6
9848.0 6.9160905385868E-7
9850.0 2.0543088207199E-7
9852.0 2.4481447138159E-7
9854.0 2.8379500727415E-7
9856.0 3.2237248974967E-7
9858.0 3.6054691880816E-7
9860.0 3.983182944496E-7
9862.0 5.0108632325123E-7
9864.0 6.0278219810161E-7
9866.0 7.0340591900074E-7
9868.0 8.0295748594861E-7
9870.0 9.0143689894523E-7
9872.0 9.9808550376153E-7
9874.0 1.0936699201091E-6
9876.0 1.188190147988E-6
9878.0 1.2816461873982E-6
9880.0 1.3740380383397E-6
9882.0 1.473196350353E-6
9884.0 1.5713118525064E-6
9886.0 1.6685907748889E-6
9888.0 1.7647729680141E-6
9890.0 1.859858431882E-6
9892.0 1.6356417978188E-6
9894.0 1.4136916361459E-6
9896.0 1.1940079468633E-6
9898.0 9.7659072997091E-7
9900.0 7.614399854688E-7
9902.0 8.9954730006429E-7
9904.0 1.0361106754141E-6
9906.0 1.1711301115181E-6
9908.0 1.3046056083764E-6
9910.0 1.4365371659891E-6
9912.0 1.1905629461996E-6
9914.0 9.4724460613735E-7
9916.0 7.0658214580217E-7
9918.0 4.685755651941E-7
9920.0 2.3322486431316E-7
9922.0 3.9501466448711E-7
9924.0 5.5493196297488E-7
9926.0 7.1297675977646E-7
9928.0 8.6914905489186E-7
9930.0 1.0234488483211E-6
9932.0 1.3973034439399E-6
9934.0 1.7677968283456E-6
9936.0 2.1346660498305E-6
9938.0 2.4979111083946E-6
9940.0 2.857532004038E-6
9942.0 2.3567386278947E-6
9944.0 1.8607150542086E-6
9946.0 1.3694612829797E-6
9948.0 8.8297731420812E-7
9950.0 4.0126314789373E-7
9952.0 6.8836788328477E-7
9954.0 9.725690999796E-7
9956.0 1.2538667979782E-6
9958.0 1.5322609772807E-6
9960.0 1.8077516378869E-6
9962.0 1.5260840091837E-6
9964.0 1.2472225814096E-6
9966.0 9.7116735456458E-7
9968.0 6.9791832864874E-7
9970.0 4.2747550366202E-7
9972.0 3.7536506565995E-7
9974.0 3.2378186821875E-7
9976.0 2.7272591133842E-7
9978.0 2.2220661003648E-7
9980.0 1.7223073706847E-7
9982.0 1.4852239683175E-7
9984.0 1.250542928979E-7
9986.0 1.0182642526692E-7
9988.0 7.8838793938809E-8
9990.0 5.6091398913563E-8
9992.0 2.570741017266E-7
9994.0 4.558791401425E-7
9996.0 6.5250651416125E-7
9998.0 8.4695622378286E-7
10000.0 1.0392282690073E-6
10002.0 8.7612214031672E-7
10004.0 7.1476579245894E-7
10006.0 5.5515922543398E-7
10008.0 3.9730243924186E-7
10010.0 2.4119543388257E-7
10012.0 2.502737802742E-7
10014.0 2.5923260611714E-7
10016.0 2.680719114114E-7
10018.0 2.7679169615696E-7
10020.0 2.8539196035383E-7
10022.0 4.3131783050244E-7
10024.0 5.7550587187308E-7
10026.0 7.1824521740454E-7
10028.0 8.5948017086308E-7
10030.0 9.9913393446796E-7
10032.0 8.1842538007962E-7
10034.0 6.3964709528566E-7
10036.0 4.6279908008608E-7
10038.0 2.8788133448087E-7
10040.0 1.1489385847005E-7
10042.0 1.7501843300219E-7
10044.0 2.3445463533531E-7
10046.0 2.9320246546943E-7
10048.0 3.5126192340454E-7
10050.0 4.0863300914063E-7
10052.0 3.9861549378547E-7
10054.0 3.8868715144818E-7
10056.0 3.7884798212877E-7
10058.0 3.6909798582725E-7
10060.0 3.5943716254361E-7
10062.0 4.8046506410405E-7
10064.0 6.0001399853867E-7
10066.0 7.1808396584745E-7
10068.0 8.3467496603039E-7
10070.0 9.497869990875E-7
10072.0 9.9255395002812E-7
10074.0 1.0353842839105E-6
10076.0 1.0776951244763E-6
10078.0 1.1194864717256E-6
10080.0 1.1607583256584E-6
10082.0 1.0192018980648E-6
10084.0 8.7913606744649E-7
10086.0 7.4056083380348E-7
10088.0 6.0347619713577E-7
10090.0 4.6788215744337E-7
10092.0 4.7480728975759E-7
10094.0 4.816239978769E-7
10096.0 4.8833228180129E-7
10098.0 4.9493214153077E-7
10100.0 5.0142357706533E-7
10102.0 6.1882110749304E-7
10104.0 7.3481478030138E-7
10106.0 8.4940459549035E-7
10108.0 9.6259055305995E-7
10110.0 1.0743726530102E-6
10112.0 8.7891510740838E-7
10114.0 6.8572975580437E-7
10116.0 4.9481659819812E-7
10118.0 3.0617563458965E-7
10120.0 1.1978564112264E-7
10122.0 1.3529446949631E-7
10124.0 1.5059379544985E-7
10126.0 1.6568361898327E-7
10128.0 1.8056394009656E-7
10130.0 1.9523475878972E-7
10132.0 1.8525974760722E-7
10134.0 1.7540025645077E-7
10136.0 1.6565628532037E-7
10138.0 1.5602783421602E-7
10140.0 1.4651490313772E-7
10142.0 1.3854061084089E-7
10144.0 1.3066225890469E-7
10146.0 1.2287984732911E-7
10148.0 1.1519337611414E-7
10150.0 1.0760284525979E-7
10152.0 2.5490845928763E-7
10154.0 4.0010436436514E-7
10156.0 5.4319056049232E-7
10158.0 6.8416704766918E-7
10160.0 8.230338258957E-7
10162.0 6.6903753321026E-7
10164.0 5.1722731017034E-7
10166.0 3.6773043210593E-7
10168.0 2.2054909147077E-7
10170.0 7.5150047351114E-8
10172.0 2.2392713856166E-7
10174.0 3.7084610783397E-7
10176.0 5.1590695516803E-7
10178.0 6.5910968056385E-7
10180.0 8.0045428402143E-7
10182.0 7.9037509029976E-7
10184.0 7.8035974956566E-7
10186.0 7.7040826181913E-7
10188.0 7.6052062706016E-7
10190.0 7.5069684528877E-7
10192.0 6.5713439629335E-7
10194.0 5.6474843859387E-7
10196.0 4.7353897219035E-7
10198.0 3.8350599708278E-7
10200.0 2.9464951327115E-7
10202.0 2.5660500818181E-7
10204.0 2.1905536374612E-7
10206.0 1.8200057996408E-7
10208.0 1.4544065683571E-7
10210.0 1.0937559436098E-7
10212.0 2.1597197756167E-7
10214.0 3.2111960439917E-7
10216.0 4.2482692373129E-7
10218.0 5.2707654058485E-7
10220.0 6.2786845495985E-7
10222.0 6.4972763435517E-7
10224.0 6.7121800664143E-7
10226.0 6.9233957181863E-7
10228.0 7.1309232988678E-7
10230.0 7.3347628084588E-7
10232.0 6.8778847902679E-7
10234.0 6.4268893978662E-7
10236.0 5.9817766312534E-7
10238.0 5.5425464904298E-7
10240.0 5.1091989753952E-7
10242.0 5.1182523590399E-7
10244.0 5.1265894644151E-7
10246.0 5.1342102915206E-7
10248.0 5.1411148403564E-7
10250.0 5.1473031109226E-7
10252.0 6.064113998075E-7
10254.0 6.9658906615463E-7
10256.0 7.8526331013365E-7
10258.0 8.7243413174456E-7
10260.0 9.5856565706789E-7
10262.0 8.5222505495328E-7
10264.0 7.4713133095572E-7
10266.0 6.4328448507522E-7
10268.0 5.4068451731177E-7
10270.0 4.3933142766539E-7
10272.0 4.29790880911E-7
10274.0 4.2033674570984E-7
10276.0 4.1096902206192E-7
10278.0 4.0168770996722E-7
10280.0 3.9249280942574E-7
10282.0 3.3904825229869E-7
10284.0 2.8627700935484E-7
10286.0 2.3417908059421E-7
10288.0 1.8275446601678E-7
10290.0 1.3200316562257E-7
10292.0 1.3843406738211E-7
10294.0 1.4476463894897E-7
10296.0 1.5099488032315E-7
10298.0 1.5712479150467E-7
10300.0 1.631543724935E-7
10302.0 2.1171249710235E-7
10304.0 2.5956599058924E-7
10306.0 3.0671485295416E-7
10308.0 3.5304363623976E-7
10310.0 3.9857968781204E-7
10312.0 4.3832115349936E-7
10314.0 4.7739156906576E-7
10316.0 5.1579093451123E-7
10318.0 5.5351924983577E-7
10320.0 5.9057651503938E-7
10322.0 4.6936057497512E-7
10324.0 3.5004295976996E-7
10326.0 2.3262366942392E-7
10328.0 1.1710270393699E-7
10330.0 3.4800633091669E-9
10332.0 1.6817815063345E-8
10334.0 2.9928385175848E-8
10336.0 4.2811773646674E-8
10338.0 5.5467980475825E-8
10340.0 6.78970056633E-8
10342.0 9.4915223400623E-8
10344.0 1.2144327205237E-7
10346.0 1.4748115161855E-7
10348.0 1.7302886209916E-7
10350.0 1.9808640349419E-7
10352.0 2.032766820145E-7
10354.0 2.0824466373946E-7
10356.0 2.1269581912103E-7
10358.0 2.1698602166458E-7
10360.0 2.2111527137012E-7
10362.0 3.3528694406839E-7
10364.0 4.4661943921646E-7
10366.0 5.5511275681433E-7
10368.0 6.6076689686199E-7
10370.0 7.6358185935944E-7
10372.0 6.8101125165521E-7
10374.0 6.0032478380832E-7
10376.0 5.2152245581876E-7
10378.0 4.4460426768655E-7
10380.0 3.6957021941167E-7
10382.0 3.08745881135E-7
10384.0 2.4946470679816E-7
10386.0 0
10388.0 0
10390.0 0
10392.0 0
10394.0 0
10396.0 0
10398.0 0
10400.0 0
10402.0 0
10404.0 0
10406.0 0
10408.0 0
10410.0 0
10412.0 0
10414.0 0
10416.0 0
10418.0 0
10420.0 0
10422.0 0
10424.0 0
10426.0 0
10428.0 0
10430.0 0
10432.0 0
10434.0 0
10436.0 0
10438.0 0
10440.0 0
10442.0 0
10444.0 0
10446.0 0
10448.0 0
10450.0 0
10452.0 0
10454.0 0
10456.0 0
10458.0 0
10460.0 0
10462.0 0
10464.0 0
10466.0 0
10468.0 0
10470.0 0
10472.0 0
10474.0 0
10476.0 0
10478.0 0
10480.0 0
10482.0 0
10484.0 0
10486.0 0
10488.0 0
10490.0 0
10492.0 0
10494.0 0
10496.0 0
10498.0 0
10500.0 0
10502.0 0
10504.0 0
10506.0 0
10508.0 0
10510.0 0
10512.0 0
10514.0 0
10516.0 0
10518.0 0
10520.0 0
10522.0 0
10524.0 0
10526.0 0
10528.0 0
10530.0 0
10532.0 0
10534.0 0
10536.0 0
10538.0 0
10540.0 0
10542.0 0
10544.0 0
10546.0 0
10548.0 0
10550.0 0
10552.0 0
10554.0 0
10556.0 0
10558.0 0
10560.0 0
10562.0 0
10564.0 0
10566.0 0
10568.0 0
10570.0 0
10572.0 0
10574.0 0
10576.0 0
10578.0 0
10580.0 0
10582.0 0
10584.0 0
10586.0 0
10588.0 0
10590.0 0
10592.0 0
10594.0 0
10596.0 0
10598.0 0
10600.0 0
10602.0 0
10604.0 0
10606.0 0
10608.0 0
10610.0 0
10612.0 0
10614.0 0
10616.0 0
10618.0 0
10620.0 0
10622.0 0
10624.0 0
10626.0 0
10628.0 0
10630.0 0
10632.0 0
10634.0 0
10636.0 0
10638.0 0
10640.0 0
10642.0 0
10644.0 0
10646.0 0
10648.0 0
10650.0 0
10652.0 0
10654.0 0
10656.0 0
10658.0 0
10660.0 0
10662.0 0
10664.0 0
10666.0 0
10668.0 0
10670.0 0
10672.0 0
10674.0 0
10676.0 0
10678.0 0
10680.0 0
10682.0 0
10684.0 0
10686.0 0
10688.0 0
10690.0 0
10692.0 0
10694.0 0
10696.0 0
10698.0 0
10700.0 0
10702.0 0
10704.0 0
10706.0 0
10708.0 0
10710.0 0
10712.0 0
10714.0 0
10716.0 0
10718.0 0
10720.0 0
10722.0 0
10724.0 0
10726.0 0
10728.0 0
10730.0 0
10732.0 0
10734.0 0
10736.0 0
10738.0 0
10740.0 0
10742.0 0
10744.0 0
10746.0 0
10748.0 0
10750.0 0
10752.0 0
10754.0 0
10756.0 0
10758.0 0
10760.0 0
10762.0 0
10764.0 0
10766.0 0
10768.0 0
10770.0 0
10772.0 0
10774.0 0
10776.0 0
10778.0 0
10780.0 0
10782.0 0
10784.0 0
10786.0 0
10788.0 0
10790.0 0
10792.0 0
10794.0 0
10796.0 0
10798.0 0
10800.0 0
10802.0 0
10804.0 0
10806.0 0
10808.0 0
10810.0 0
10812.0 0
10814.0 0
10816.0 0
10818.0 0
10820.0 0
10822.0 0
10824.0 0
10826.0 0
10828.0 0
10830.0 0
10832.0 0
10834.0 0
10836.0 0
10838.0 0
10840.0 0
10842.0 0
10844.0 0
10846.0 0
10848.0 0
10850.0 0
10852.0 0
10854.0 0
10856.0 0
10858.0 0
10860.0 0
10862.0 0
10864.0 0
10866.0 0
10868.0 0
10870.0 0
10872.0 0
10874.0 0
10876.0 0
10878.0 0
10880.0 0
10882.0 0
10884.0 0
10886.0 0
10888.0 0
10890.0 0
10892.0 0
10894.0 0
10896.0 0
10898.0 0
10900.0 0
10902.0 0
10904.0 0
10906.0 0
10908.0 0
10910.0 0
10912.0 0
10914.0 0
10916.0 0
10918.0 0
10920.0 0
10922.0 0
10924.0 0
10926.0 0
10928.0 0
10930.0 0
10932.0 0
10934.0 0
10936.0 0
10938.0 0
10940.0 0
10942.0 0
10944.0 0
10946.0 0
10948.0 0
10950.0 0
10952.0 0
10954.0 0
10956.0 0
10958.0 0
10960.0 0
10962.0 0
10964.0 0
10966.0 0
10968.0 0
10970.0 0
10972.0 0
10974.0 0
10976.0 0
10978.0 0
10980.0 0
10982.0 0
10984.0 0
10986.0 0
10988.0 0
10990.0 0
10992.0 0
10994.0 0
10996.0 0
10998.0 0
11000.0 0
